Devices
1000
,,Kistler - Force,,,Kistler - Moment,,,Kistler - CoP,,,Imported AMTI Force plate V1.0 - Force,,,Imported AMTI Force plate V1.0 - Moment,,,Imported AMTI Force plate V1.0 - CoP,,,
Frame,Sub Frame,Fx,Fy,Fz,Mx,My,Mz,Cx,Cy,Cz,Fx,Fy,Fz,Mx,My,Mz,Cx,Cy,Cz
,,N,N,N,mm.N,mm.N,mm.N,mm,mm,mm,N,N,N,mm.N,mm.N,mm.N,mm,mm,mm
391,0,0,0,0,0,0,0,0,-0,0,0.250329,0.643415,1.34248,-194.125,151.758,-41.7615,-113.043,-144.602,0
391,1,0,0,0,0,0,0,0,-0,0,0.132114,0.368356,-0.177488,405.199,-200.763,-4.61053,-1131.14,-2282.97,0
391,2,0,0,0,0,0,0,0,-0,0,-0.100891,-0.186431,-2.78433,1363.57,-772.264,60.9614,-277.361,-489.73,0
391,3,0,0,0,0,0,0,0,-0,0,-0.485231,-1.1127,-6.74097,2747.68,-1606.12,162.368,-238.263,-407.609,0
391,4,0,0,0,0,0,0,0,-0,0,-1.05308,-2.49322,-12.2262,4585.76,-2723.67,305.127,-222.773,-375.077,0
392,0,0,0,0,0,0,0,0,-0,0,-1.8223,-4.38414,-19.2764,6848.68,-4112.35,491.875,-213.336,-355.288,0
392,1,0,0,0,0,0,0,0,-0,0,-2.78066,-6.8015,-27.8155,9465.17,-5733.74,722.177,-206.135,-340.284,0
392,2,0,0,0,0,0,0,0,-0,0,-3.87459,-9.70658,-37.7551,12365.4,-7548.91,989.527,-199.944,-327.515,0
392,3,0,0,0,0,0,0,0,-0,0,-5.02999,-12.9961,-49.0392,15506.5,-9534.22,1280.42,-194.421,-316.207,0
392,4,0,0,0,0,0,0,0,-0,0,-6.19109,-16.5252,-61.6098,18866.6,-11678.7,1582.74,-189.559,-306.227,0
393,0,0,0,0,0,0,0,0,-0,0,-7.32008,-20.1502,-75.3827,22430.6,-13975.9,1890.73,-185.399,-297.556,0
393,1,-0,0,0,0,0,0,0,-0,0,-8.37021,-23.7465,-90.2542,26184,-16417.9,2199.9,-181.907,-290.114,0
393,2,-0,0,0,0,0,0,0,-0,0,-9.2938,-27.2148,-106.109,30108.2,-18991.9,2507.82,-178.984,-283.747,0
393,3,0,0,0,0,0,0,0,-0,0,-10.0658,-30.4934,-122.811,34175.9,-21677.9,2818.15,-176.515,-278.281,0
393,4,0,0,0,0,0,0,0,-0,0,-10.6729,-33.5517,-140.177,38347.6,-24447.6,3134.78,-174.405,-273.565,0
394,0,0,0,0,0,0,0,0,-0,0,-11.0951,-36.3553,-157.973,42570,-27263.3,3457.53,-172.581,-269.476,0
394,1,0,0,0,0,0,0,0,-0,0,-11.3148,-38.8418,-175.905,46776.7,-30078.3,3784.26,-170.992,-265.92,0
394,2,0,0,0,0,0,0,0,-0,0,-11.3274,-40.9201,-193.632,50890.9,-32840.1,4105.57,-169.601,-262.823,0
394,3,0,0,0,0,0,0,0,-0,0,-11.1353,-42.466,-210.787,54831.7,-35494.3,4399.1,-168.39,-260.129,0
394,4,0,0,0,0,0,0,0,-0,0,-10.7514,-43.3222,-227.012,58522.1,-37990.4,4636.41,-167.35,-257.793,0
395,0,0,0,0,0,0,0,0,-0,0,-10.209,-43.331,-242.005,61897.1,-40286.2,4788.69,-166.469,-255.768,0
395,1,0,0,0,0,0,0,0,-0,0,-9.5516,-42.3778,-255.558,64911.6,-42352.5,4826.65,-165.726,-254,0
395,2,0,0,0,0,0,0,0,-0,0,-8.81731,-40.4026,-267.573,67543.4,-44174.4,4727.59,-165.093,-252.43,0
395,3,0,0,0,0,0,0,0,-0,0,-8.0384,-37.3953,-278.063,69793.8,-45751.8,4482.2,-164.537,-251,0
395,4,0,0,0,0,0,0,0,-0,0,-7.24321,-33.3966,-287.12,71684.2,-47097.5,4089.66,-164.034,-249.666,0
396,0,0,0,0,0,0,0,0,-0,0,-6.45113,-28.4938,-294.897,73251.1,-48235,3554.67,-163.566,-248.396,0
396,1,0,0,0,0,0,0,0,-0,0,-5.67103,-22.7962,-301.586,74541.5,-49194.4,2890.35,-163.119,-247.165,0
396,2,0,0,0,0,0,0,0,-0,0,-4.90477,-16.4201,-307.409,75608.2,-50009.9,2113.57,-162.682,-245.953,0
396,3,0,0,0,0,0,0,0,-0,0,-4.15086,-9.49036,-312.602,76508.2,-50718.7,1239.57,-162.247,-244.746,0
396,4,0,0,0,0,0,0,0,-0,0,-3.40655,-2.13397,-317.41,77299.6,-51359.9,285.762,-161.809,-243.532,0
397,0,0,0,0,0,0,0,0,-0,0,-2.66596,5.53505,-322.077,78040.6,-51973.3,-728.377,-161.369,-242.304,0
397,1,0,0,0,0,0,0,0,-0,0,-1.9181,13.4192,-326.849,78787.6,-52598.1,-1787.27,-160.925,-241.052,0
397,2,0,0,0,0,0,0,0,-0,0,-1.15182,21.4347,-331.963,79593.9,-53272.1,-2877.64,-160.476,-239.767,0
397,3,0,0,0,0,0,0,0,-0,0,-0.362508,29.5151,-337.63,80507.1,-54029,-3985.89,-160.024,-238.448,0
397,4,0,0,0,0,0,0,0,-0,0,0.447201,37.6088,-344.022,81567.8,-54896.6,-5103.22,-159.573,-237.101,0
398,0,0,0,0,0,0,0,0,-0,0,1.26661,45.6645,-351.263,82806.4,-55895.3,-6226.11,-159.127,-235.739,0
398,1,0,0,0,0,0,0,0,-0,0,2.0739,53.6249,-359.429,84241.7,-57037.9,-7351.09,-158.69,-234.377,0
398,2,0,0,0,0,0,0,0,-0,0,2.83947,61.4326,-368.541,85879.4,-58329.2,-8476.04,-158.271,-233.025,0
398,3,0,0,0,0,0,0,0,-0,0,3.53175,69.0321,-378.566,87711.8,-59766.1,-9602.19,-157.875,-231.695,0
398,4,0,0,0,0,0,0,0,-0,0,4.1177,76.368,-389.418,89718.8,-61338.5,-10729.8,-157.513,-230.392,0
399,0,0,0,0,0,0,0,0,-0,0,4.56717,83.3906,-400.979,91871.6,-63031.2,-11857,-157.193,-229.119,0
399,1,0,0,0,0,0,0,0,-0,0,4.86421,90.0578,-413.114,94137,-64824.9,-12981.1,-156.918,-227.872,0
399,2,0,0,0,0,0,0,0,-0,0,5.01034,96.323,-425.688,96481.9,-66698.8,-14094.5,-156.685,-226.65,0
399,3,0,0,0,0,0,0,0,-0,0,5.01883,102.127,-438.565,98875.9,-68631.7,-15182.8,-156.491,-225.453,0
399,4,0,0,0,0,0,0,0,-0,0,4.91263,107.403,-451.619,101291,-70603.1,-16229.7,-156.333,-224.285,0
400,0,0,0,0,0,0,0,0,-0,0,4.72243,112.088,-464.725,103702,-72594.3,-17218.5,-156.209,-223.147,0
400,1,0,0,0,0,0,0,0,-0,0,4.47817,116.122,-477.772,106086,-74588.8,-18131,-156.118,-222.043,0
400,2,0,0,0,0,0,0,0,-0,0,4.2029,119.463,-490.675,108427,-76574,-18952.7,-156.059,-220.974,0
400,3,0,0,0,0,0,0,0,-0,0,3.91321,122.095,-503.378,110713,-78541.7,-19676.9,-156.029,-219.941,0
400,4,0,0,0,0,0,0,0,-0,0,3.61804,124.037,-515.844,112941,-80488.2,-20302.3,-156.032,-218.944,0
401,0,0,0,0,0,0,0,0,-0,0,3.31482,125.339,-528.049,115107,-82413.3,-20833.9,-156.071,-217.986,0
401,1,0,0,0,0,0,0,0,-0,0,2.98907,126.08,-539.987,117212,-84317.8,-21284.5,-156.148,-217.064,0
401,2,0,0,0,0,0,0,0,-0,0,2.61784,126.362,-551.657,119255,-86201.5,-21671.1,-156.259,-216.175,0
401,3,0,0,0,0,0,0,0,-0,0,2.17617,126.3,-563.052,121235,-88062,-22012.2,-156.401,-215.318,0
401,4,0,0,0,0,0,0,0,-0,0,1.64351,126.02,-574.154,123150,-89894.8,-22328.3,-156.569,-214.489,0
402,0,-0,0,0,0,0,0,0,-0,0,1.00556,125.653,-584.944,124994,-91693.5,-22640.2,-156.756,-213.685,0
402,1,-0,0,0,0,0,0,0,-0,0,0.25372,125.325,-595.397,126761,-93450.7,-22965.8,-156.955,-212.902,0
402,2,0,0,0,0,0,0,0,-0,0,-0.613639,125.154,-605.488,128446,-95158.4,-23321.3,-157.16,-212.137,0
402,3,0,0,0,0,0,0,0,-0,0,-1.59175,125.235,-615.183,130044,-96808.4,-23720.5,-157.365,-211.391,0
402,4,0,0,0,0,0,0,0,-0,0,-2.67341,125.64,-624.449,131547,-98391.6,-24170.9,-157.566,-210.661,0
403,0,0,0,0,0,0,0,0,-0,0,-3.84945,126.413,-633.251,132950,-99899,-24675.3,-157.756,-209.949,0
403,1,0,0,0,0,0,0,0,-0,0,-5.10634,127.568,-641.556,134248,-101323,-25233.6,-157.933,-209.254,0
403,2,0,0,0,0,0,0,0,-0,0,-6.42883,129.09,-649.325,135435,-102656,-25841.6,-158.096,-208.579,0
403,3,0,0,0,0,0,0,0,-0,0,-7.805,130.942,-656.521,136509,-103894,-26490.3,-158.249,-207.928,0
403,4,0,0,0,0,0,0,0,-0,0,-9.22775,133.067,-663.115,137467,-105033,-27169.5,-158.394,-207.305,0
404,0,0,0,0,0,0,0,0,-0,0,-10.6951,135.393,-669.095,138309,-106074,-27867.2,-158.534,-206.711,0
404,1,0,0,0,0,0,0,0,-0,0,-12.2096,137.838,-674.468,139037,-107019,-28569.7,-158.671,-206.143,0
404,2,0,0,0,0,0,0,0,-0,0,-13.7736,140.321,-679.262,139655,-107871,-29264.9,-158.806,-205.598,0
404,3,0,0,0,0,0,0,0,-0,0,-15.3855,142.76,-683.513,140168,-108636,-29942.8,-158.938,-205.071,0
404,4,0,0,0,0,0,0,0,-0,0,-17.0423,145.087,-687.26,140584,-109321,-30593,-159.068,-204.557,0
405,0,0,0,0,0,0,0,0,-0,0,-18.7401,147.241,-690.543,140908,-109932,-31206.6,-159.196,-204.054,0
405,1,0,0,0,0,0,0,0,-0,0,-20.4713,149.175,-693.411,141151,-110477,-31777.7,-159.323,-203.56,0
405,2,0,0,0,0,0,0,0,-0,0,-22.2246,150.859,-695.919,141324,-110965,-32301.5,-159.451,-203.076,0
405,3,0,0,0,0,0,0,0,-0,0,-23.9887,152.277,-698.137,141441,-111406,-32774.8,-159.577,-202.598,0
405,4,0,0,0,0,0,0,0,-0,0,-25.7533,153.43,-700.136,141516,-111812,-33198.2,-159.701,-202.126,0
406,0,0,0,0,0,0,0,0,-0,0,-27.5092,154.333,-701.984,141562,-112192,-33575.5,-159.822,-201.659,0
406,1,0,0,0,0,0,0,0,-0,0,-29.2475,155.017,-703.742,141592,-112557,-33912,-159.941,-201.199,0
406,2,-0,0,0,0,0,0,0,-0,0,-30.9586,155.518,-705.464,141620,-112918,-34215.7,-160.062,-200.748,0
406,3,-0,0,0,0,0,0,0,-0,0,-32.6318,155.882,-707.198,141658,-113283,-34496.4,-160.186,-200.309,0
406,4,0,0,0,0,0,0,0,-0,0,-34.2576,156.155,-708.989,141714,-113662,-34762.9,-160.316,-199.882,0
407,0,0,0,0,0,0,0,0,-0,0,-35.8288,156.386,-710.874,141793,-114060,-35024.4,-160.45,-199.462,0
407,1,0,0,0,0,0,0,0,-0,0,-37.3396,156.621,-712.879,141897,-114482,-35290.4,-160.591,-199.047,0
407,2,0,0,0,0,0,0,0,-0,0,-38.7853,156.9,-715.024,142028,-114932,-35568.3,-160.738,-198.634,0
407,3,0,0,0,0,0,0,0,-0,0,-40.1616,157.259,-717.32,142189,-115412,-35862.9,-160.893,-198.223,0
407,4,0,0,0,0,0,0,0,-0,0,-41.462,157.722,-719.782,142383,-115921,-36178.6,-161.05,-197.813,0
408,0,0,0,0,0,0,0,0,-0,0,-42.6768,158.307,-722.423,142610,-116458,-36517,-161.205,-197.405,0
408,1,0,0,0,0,0,0,0,-0,0,-43.7954,159.022,-725.255,142871,-117019,-36876.8,-161.349,-196.994,0
408,2,0,0,0,0,0,0,0,-0,0,-44.8081,159.866,-728.28,143163,-117601,-37255.2,-161.478,-196.577,0
408,3,0,0,0,0,0,0,0,-0,0,-45.7064,160.83,-731.495,143482,-118200,-37648.3,-161.587,-196.15,0
408,4,0,0,0,0,0,0,0,-0,0,-46.4847,161.898,-734.882,143822,-118813,-38050.1,-161.677,-195.708,0
409,0,0,0,0,0,0,0,0,-0,0,-47.1407,163.045,-738.408,144176,-119438,-38454.7,-161.751,-195.253,0
409,1,0,0,0,0,0,0,0,-0,0,-47.6761,164.241,-742.029,144538,-120073,-38857.6,-161.817,-194.787,0
409,2,0,0,0,0,0,0,0,-0,0,-48.0968,165.457,-745.704,144903,-120717,-39254,-161.883,-194.317,0
409,3,0,0,0,0,0,0,0,-0,0,-48.4137,166.67,-749.411,145270,-121369,-39640.1,-161.953,-193.846,0
409,4,0,0,0,0,0,0,0,-0,0,-48.6421,167.866,-753.142,145638,-122033,-40014.7,-162.031,-193.374,0
410,0,0,0,0,0,0,0,0,-0,0,-48.8023,169.04,-756.906,146006,-122711,-40377.8,-162.122,-192.899,0
410,1,0,0,0,0,0,0,0,-0,0,-48.9197,170.192,-760.729,146379,-123409,-40731.7,-162.225,-192.419,0
410,2,0,0,0,0,0,0,0,-0,0,-49.0233,171.335,-764.648,146759,-124131,-41081.1,-162.338,-191.931,0
410,3,0,0,0,0,0,0,0,-0,0,-49.1453,172.478,-768.702,147151,-124880,-41432.4,-162.456,-191.428,0
410,4,0,0,0,0,0,0,0,-0,0,-49.3203,173.632,-772.912,147556,-125655,-41791.2,-162.574,-190.91,0
411,0,-0,0,0,0,0,0,0,-0,0,-49.5792,174.8,-777.27,147973,-126453,-42162,-162.689,-190.376,0
411,1,0,0,0,0,0,0,0,-0,0,-49.9451,175.982,-781.746,148400,-127267,-42546.9,-162.799,-189.831,0
411,2,0,0,0,0,0,0,0,-0,0,-50.4311,177.171,-786.294,148833,-128090,-42944.4,-162.903,-189.284,0
411,3,0,0,0,0,0,0,0,-0,0,-51.038,178.359,-790.867,149271,-128913,-43349.4,-163.002,-188.744,0
411,4,0,0,0,0,0,0,0,-0,0,-51.7498,179.532,-795.437,149714,-129731,-43754.5,-163.094,-188.216,0
412,0,0,0,0,0,0,0,0,-0,0,-52.5384,180.678,-799.998,150159,-130540,-44151.2,-163.175,-187.7,0
412,1,0,0,0,0,0,0,0,-0,0,-53.3725,181.785,-804.563,150608,-131340,-44531.2,-163.244,-187.192,0
412,2,0,0,0,0,0,0,0,-0,0,-54.2232,182.846,-809.147,151058,-132134,-44888.3,-163.3,-186.688,0
412,3,0,0,0,0,0,0,0,-0,0,-55.0681,183.851,-813.757,151510,-132921,-45218.5,-163.343,-186.186,0
412,4,0,0,0,0,0,0,0,-0,0,-55.8976,184.789,-818.388,151962,-133702,-45520.2,-163.372,-185.685,0
413,0,0,0,0,0,0,0,0,-0,0,-56.7154,185.649,-823.007,152412,-134470,-45794.4,-163.389,-185.189,0
413,1,0,0,0,0,0,0,0,-0,0,-57.5314,186.416,-827.557,152853,-135222,-46043.2,-163.399,-184.704,0
413,2,0,0,0,0,0,0,0,-0,0,-58.3548,187.071,-831.965,153283,-135949,-46267.8,-163.407,-184.242,0
413,3,0,0,0,0,0,0,0,-0,0,-59.1917,187.594,-836.176,153697,-136648,-46468.9,-163.42,-183.809,0
413,4,0,0,0,0,0,0,0,-0,0,-60.0416,187.972,-840.162,154092,-137316,-46646.8,-163.44,-183.408,0
414,0,0,0,0,0,0,0,0,-0,0,-60.8932,188.195,-843.925,154469,-137952,-46800.6,-163.465,-183.037,0
414,1,0,0,0,0,0,0,0,-0,0,-61.727,188.261,-847.486,154829,-138558,-46929,-163.493,-182.692,0
414,2,0,0,0,0,0,0,0,-0,0,-62.5209,188.172,-850.869,155171,-139133,-47030.8,-163.519,-182.368,0
414,3,0,0,0,0,0,0,0,-0,0,-63.2548,187.935,-854.101,155495,-139682,-47104.7,-163.542,-182.057,0
414,4,0,0,0,0,0,0,0,-0,0,-63.9114,187.557,-857.203,155798,-140204,-47150,-163.56,-181.752,0
415,0,0,0,0,0,0,0,0,-0,0,-64.4783,187.053,-860.187,156080,-140702,-47168.1,-163.572,-181.449,0
415,1,0,0,0,0,0,0,0,-0,0,-64.9481,186.445,-863.061,156341,-141177,-47161.3,-163.577,-181.147,0
415,2,-0,0,0,0,0,0,0,-0,0,-65.3149,185.758,-865.836,156581,-141629,-47132.2,-163.574,-180.844,0
415,3,-0,0,0,0,0,0,0,-0,0,-65.5718,185.021,-868.528,156803,-142058,-47083.7,-163.562,-180.539,0
415,4,0,0,0,0,0,0,0,-0,0,-65.7124,184.258,-871.16,157009,-142467,-47018.5,-163.537,-180.23,0
416,0,0,0,0,0,0,0,0,-0,0,-65.733,183.488,-873.747,157200,-142858,-46938.4,-163.501,-179.915,0
416,1,0,0,0,0,0,0,0,-0,0,-65.6326,182.724,-876.284,157377,-143234,-46845.3,-163.456,-179.596,0
416,2,0,0,0,0,0,0,0,-0,0,-65.4123,181.975,-878.753,157541,-143594,-46741.4,-163.407,-179.278,0
416,3,0,0,0,0,0,0,0,-0,0,-65.0762,181.246,-881.126,157691,-143938,-46628.2,-163.357,-178.965,0
416,4,0,0,1.4013e-045,0,0,0,-0,0,0,-64.6305,180.54,-883.376,157826,-144263,-46507,-163.309,-178.662,0
417,0,0,0,1.4013e-045,0,0,0,-0,0,0,-64.0844,179.86,-885.483,157945,-144569,-46379,-163.265,-178.372,0
417,1,0,0,1.4013e-045,0,0,0,-0,0,0,-63.4515,179.206,-887.437,158046,-144853,-46245.5,-163.226,-178.093,0
417,2,0,0,1.4013e-045,0,0,0,-0,0,0,-62.7506,178.578,-889.234,158126,-145115,-46107.1,-163.191,-177.823,0
417,3,0,0,1.4013e-045,0,0,0,-0,0,0,-62.0029,177.973,-890.872,158182,-145356,-45964.9,-163.161,-177.559,0
417,4,0,0,0,0,0,0,0,-0,0,-61.2287,177.388,-892.352,158214,-145573,-45819.5,-163.134,-177.3,0
418,0,0,1.4013e-045,-1.4013e-045,-0,0,0,0,0,0,-60.4468,176.814,-893.676,158219,-145767,-45670.9,-163.11,-177.043,0
418,1,0,2.8026e-045,-2.8026e-045,-1.4013e-042,-1.4013e-042,0,-6.31089e-029,6.31089e-029,0,-59.6754,176.24,-894.846,158196,-145934,-45518.6,-163.083,-176.786,0
418,2,1.4013e-045,4.2039e-045,-5.60519e-045,-2.8026e-042,-1.4013e-042,0,-6.31089e-029,1.26218e-028,0,-58.9313,175.652,-895.864,158146,-146071,-45362,-163.051,-176.529,0
418,3,1.4013e-045,7.00649e-045,-9.80909e-045,-4.2039e-042,-2.8026e-042,0,-1.26218e-028,1.89327e-028,0,-58.2299,175.04,-896.722,158067,-146176,-45200.3,-163.011,-176.272,0
418,4,1.4013e-045,8.40779e-045,-1.4013e-044,-5.60519e-042,-4.2039e-042,0,-1.89327e-028,2.52435e-028,0,-57.5848,174.395,-897.404,157962,-146246,-45033,-162.965,-176.021,0
419,0,2.8026e-045,1.12104e-044,-1.82169e-044,-7.00649e-042,-4.2039e-042,0,-1.89327e-028,3.15544e-028,0,-57.0075,173.713,-897.886,157830,-146279,-44860.1,-162.915,-175.779,0
419,1,2.8026e-045,1.26117e-044,-2.24208e-044,-7.00649e-042,-5.60519e-042,0,-2.52435e-028,3.15544e-028,0,-56.5065,172.988,-898.146,157672,-146276,-44682.1,-162.865,-175.553,0
419,2,2.8026e-045,1.12104e-044,-2.52234e-044,-8.40779e-042,-5.60519e-042,0,-2.52435e-028,3.78653e-028,0,-56.0867,172.221,-898.177,157489,-146237,-44499.8,-162.816,-175.343,0
419,3,1.4013e-045,8.40779e-045,-2.52234e-044,-7.00649e-042,-4.2039e-042,0,-1.89327e-028,3.15544e-028,0,-55.7496,171.409,-897.985,157282,-146166,-44314.8,-162.771,-175.15,0
419,4,0,1.4013e-045,-1.82169e-044,-2.8026e-042,0,-1.4013e-042,0,1.26218e-028,0,-55.4935,170.553,-897.59,157052,-146066,-44128.5,-162.731,-174.97,0
420,0,-2.8026e-045,-1.12104e-044,-4.2039e-045,2.8026e-042,4.2039e-042,-1.4013e-042,1.89327e-028,-1.26218e-028,0,-55.3141,169.652,-897.02,156801,-145943,-43942.2,-162.698,-174.802,0
420,1,-7.00649e-045,-3.08286e-044,2.24208e-044,1.4013e-041,1.26117e-041,-1.4013e-042,-5.6798e-028,6.31089e-028,0,-55.2054,168.704,-896.303,156532,-145802,-43757,-162.67,-174.642,0
420,2,-1.4013e-044,-5.88545e-044,6.44597e-044,2.94273e-041,2.52234e-041,-2.8026e-042,-1.13596e-027,1.32529e-027,0,-55.1603,167.711,-895.469,156247,-145647,-43573.8,-162.649,-174.486,0
420,3,-2.10195e-044,-9.52883e-044,1.21913e-043,5.04467e-041,4.06377e-041,-2.8026e-042,-1.83016e-027,2.27192e-027,0,-55.1704,166.674,-894.548,155948,-145484,-43392.1,-162.635,-174.332,0
420,4,-3.08286e-044,-1.4013e-043,1.98984e-043,7.70714e-041,6.02558e-041,-2.8026e-042,-2.71368e-027,3.47099e-027,0,-55.2256,165.591,-893.568,155637,-145317,-43211.2,-162.626,-174.175,0
421,0,-4.06377e-044,-1.86373e-043,2.90069e-043,1.06499e-040,7.9874e-041,-2.8026e-042,-3.59721e-027,4.79627e-027,0,-55.3144,164.464,-892.557,155316,-145148,-43029.8,-162.621,-174.012,0
421,1,-4.90454e-044,-2.29813e-043,3.89561e-043,1.35926e-040,9.80909e-041,-2.8026e-042,-4.41762e-027,6.12156e-027,0,-55.4257,163.296,-891.529,154987,-144980,-42846.5,-162.62,-173.844,0
421,2,-5.46506e-044,-2.57839e-043,4.80645e-043,1.59748e-040,1.10703e-040,0,-4.9856e-027,7.19441e-027,0,-55.5475,162.089,-890.492,154654,-144814,-42659.6,-162.622,-173.673,0
421,3,-5.1848e-044,-2.52234e-043,5.40901e-043,1.66755e-040,1.079e-040,2.8026e-042,-4.85938e-027,7.50996e-027,0,-55.6658,160.847,-889.439,154321,-144650,-42468,-162.63,-173.504,0
421,4,-3.64338e-044,-1.90577e-043,5.32493e-043,1.45735e-040,8.26766e-041,7.00649e-042,-3.72342e-027,6.56332e-027,0,-55.7657,159.575,-888.361,153990,-144487,-42271,-162.644,-173.341,0
422,0,-1.4013e-045,-4.48416e-044,4.06377e-043,7.84727e-041,1.96182e-041,1.4013e-041,-8.83524e-028,3.5341e-027,0,-55.8348,158.275,-887.251,153662,-144323,-42068,-162.663,-173.189,0
422,1,5.88545e-044,2.20004e-043,1.05097e-043,-5.60519e-041,-9.3887e-041,2.38221e-041,4.22829e-027,-2.52435e-027,0,-55.8643,156.953,-886.106,153337,-144157,-41859.2,-162.686,-173.046,0
422,2,1.5134e-043,6.33387e-043,-4.4281e-043,-2.77457e-040,-2.71852e-040,3.50325e-041,-1.22431e-026,1.24956e-026,0,-55.8495,155.614,-884.918,153014,-143985,-41644.9,-162.71,-172.913,0
422,3,2.81661e-043,1.22193e-042,-1.30321e-042,-6.0396e-040,-5.24086e-040,4.62428e-041,-2.36027e-026,2.71999e-026,0,-55.7891,154.264,-883.676,152691,-143808,-41425,-162.738,-172.79,0
422,4,4.51218e-043,1.99125e-042,-2.52934e-042,-1.04817e-039,-8.53391e-040,5.74532e-041,-3.84333e-026,4.72054e-026,0,-55.6845,152.907,-882.365,152366,-143621,-41198.9,-162.769,-172.679,0
423,0,6.50202e-043,2.9175e-042,-4.13663e-042,-1.60309e-039,-1.25136e-039,6.44597e-041,-5.63562e-026,7.21966e-026,0,-55.5379,151.547,-880.966,152036,-143424,-40966.1,-162.803,-172.579,0
423,1,8.61799e-043,3.92223e-042,-6.07603e-042,-2.23507e-039,-1.68296e-039,6.44597e-041,-7.57938e-026,1.00659e-025,0,-55.353,150.185,-879.466,151699,-143213,-40725.5,-162.841,-172.49,0
423,2,1.05097e-042,4.8569e-042,-8.18779e-042,-2.87126e-039,-2.08513e-039,4.90454e-041,-9.3906e-026,1.2931e-025,0,-55.1344,148.822,-877.857,151352,-142985,-40476.5,-162.88,-172.411,0
423,3,1.16308e-042,5.47627e-042,-1.01636e-041,-3.38273e-039,-2.35138e-039,1.4013e-041,-1.05897e-025,1.52345e-025,0,-54.8873,147.456,-876.142,150991,-142738,-40219.2,-162.917,-172.336,0
423,4,1.11683e-042,5.41882e-042,-1.1492e-041,-3.57191e-039,-2.32756e-039,-5.1848e-041,-1.04824e-025,1.60865e-025,0,-54.6177,146.083,-874.327,150615,-142470,-39953.7,-162.948,-172.264,0
424,0,8.04345e-043,4.19269e-042,-1.14192e-041,-3.15853e-039,-1.80347e-039,-1.54143e-040,-8.12211e-026,1.42247e-025,0,-54.3328,144.699,-872.415,150220,-142180,-39680.3,-162.972,-172.188,0
424,1,9.3887e-044,1.1925e-042,-8.92487e-042,-1.78525e-039,-5.17079e-040,-3.01279e-040,-2.32872e-026,8.04007e-026,0,-54.0398,143.301,-870.402,149804,-141866,-39398.6,-162.989,-172.109,0
424,2,-1.16168e-042,-4.27396e-042,-2.73674e-042,9.73902e-040,1.82589e-039,-4.94658e-040,8.22309e-026,-4.38607e-026,0,-53.7446,141.885,-868.278,149365,-141529,-39108.5,-163,-172.025,0
424,3,-3.10388e-042,-1.28947e-041,8.59416e-042,5.57156e-039,5.52392e-039,-7.27274e-040,-2.48775e-025,2.50921e-025,0,-53.4507,140.448,-866.027,148902,-141170,-38809.8,-163.009,-171.937,0
424,4,-5.83781e-042,-2.5215e-041,2.6521e-041,1.24113e-038,1.08082e-038,-9.80909e-040,-4.86759e-025,5.58955e-025,0,-53.1602,138.988,-863.638,148412,-140788,-38503,-163.018,-171.845,0
425,0,-9.38309e-042,-4.14154e-041,5.21984e-041,2.17341e-038,1.77587e-038,-1.21913e-039,-7.99779e-025,9.78819e-025,0,-52.8748,137.506,-861.1,147895,-140385,-38188.5,-163.03,-171.751,0
425,1,-1.36038e-041,-6.10027e-041,8.60369e-041,3.3442e-038,2.6165e-038,-1.38168e-039,-1.17837e-024,1.50609e-024,0,-52.5973,136.003,-858.403,147353,-139961,-37867.1,-163.048,-171.66,0
425,2,-1.8123e-041,-8.24216e-041,1.27049e-040,4.68706e-038,3.53604e-038,-1.37608e-039,-1.59249e-024,2.11087e-024,0,-52.3312,134.478,-855.542,146789,-139514,-37539.8,-163.071,-171.574,0
425,3,-2.2226e-041,-1.02585e-040,1.72035e-040,6.05081e-038,4.40218e-038,-1.0832e-039,-1.98257e-024,2.72504e-024,0,-52.08,132.936,-852.514,146202,-139045,-37208.5,-163.1,-171.495,0
425,4,-2.47539e-041,-1.16379e-040,2.14603e-040,7.16806e-038,4.99563e-038,-3.47522e-040,-2.24983e-024,3.22821e-024,0,-51.8474,131.379,-849.317,145592,-138555,-36875.4,-163.137,-171.422,0
426,0,-2.40155e-041,-1.16239e-040,2.44143e-040,7.62461e-038,4.99199e-038,1.00473e-039,-2.24819e-024,3.43382e-024,0,-51.6358,129.816,-845.956,144960,-138045,-36542.4,-163.182,-171.356,0
426,1,-1.77531e-041,-9.18929e-041,2.44891e-040,6.83778e-038,3.9504e-038,3.14732e-039,-1.7791e-024,3.07946e-024,0,-51.445,128.255,-842.438,144305,-137515,-36211.2,-163.235,-171.294,0
426,2,-3.17955e-042,-3.04909e-041,1.95411e-040,4.05129e-038,1.31974e-038,6.22036e-039,-5.94359e-025,1.82454e-024,0,-51.2721,126.705,-838.774,143627,-136970,-35883.3,-163.298,-171.235,0
426,3,2.28286e-041,8.26262e-041,6.8829e-041,-1.63532e-038,-3.52945e-038,1.02757e-038,1.58952e-024,-7.36481e-025,0,-51.1138,125.173,-834.979,142928,-136412,-35559.6,-163.371,-171.175,0
426,4,6.33289e-041,2.62233e-040,-1.65603e-040,-1.11867e-037,-1.12317e-037,1.51999e-038,-5.0583e-024,5.03804e-024,0,-50.9685,123.664,-831.07,142206,-135840,-35240.6,-163.452,-171.112,0
427,0,1.20638e-040,5.20245e-040,-5.39005e-040,-2.54795e-037,-2.2299e-037,2.06117e-038,-1.00426e-023,1.1475e-023,0,-50.8351,122.176,-827.061,141463,-135254,-34926.6,-163.536,-171.043,0
427,1,1.95298e-040,8.61115e-040,-1.07668e-039,-4.50552e-037,-3.69241e-037,2.57489e-038,-1.66291e-023,2.02911e-023,0,-50.7121,120.708,-822.963,140697,-134656,-34616.9,-163.623,-170.964,0
427,2,2.84654e-040,1.27542e-039,-1.78859e-039,-6.97599e-037,-5.47042e-037,2.9346e-038,-2.46366e-023,3.1417e-023,0,-50.5972,119.254,-818.781,139910,-134042,-34311.2,-163.709,-170.876,0
427,3,3.81044e-040,1.73153e-039,-2.6559e-039,-9.82623e-037,-7.42851e-037,2.95155e-038,-3.3455e-023,4.42534e-023,0,-50.4866,117.814,-814.515,139102,-133414,-34008.6,-163.796,-170.779,0
427,4,4.69676e-040,2.16577e-039,-3.61366e-039,-1.2746e-036,-9.29376e-037,2.36918e-038,-4.18554e-023,5.74027e-023,0,-50.3766,116.388,-810.165,138276,-132771,-33708.6,-163.881,-170.676,0
428,0,5.26437e-040,2.47194e-039,-4.53011e-039,-1.51811e-036,-1.06107e-036,8.64881e-039,-4.77865e-023,6.83698e-023,0,-50.2656,114.98,-805.738,137433,-132112,-33410,-163.964,-170.567,0
428,1,5.15996e-040,2.49185e-039,-5.18468e-039,-1.62685e-036,-1.0701e-036,-1.93085e-038,-4.81932e-023,7.32669e-023,0,-50.1535,113.592,-801.241,136573,-131438,-33112,-164.043,-170.452,0
428,2,3.90835e-040,2.00975e-039,-5.24804e-039,-1.47863e-036,-8.63906e-037,-6.393e-038,-3.89069e-023,6.65914e-023,0,-50.0395,112.224,-796.685,135699,-130752,-32813.9,-164.119,-170.329,0
428,3,9.21003e-041,7.54503e-040,-4.26998e-039,-9.14204e-037,-3.26126e-037,-1.28283e-037,-1.46874e-023,4.11721e-023,0,-49.9221,110.874,-792.072,134811,-130053,-32515.7,-164.194,-170.201,0
428,4,-4.4658e-040,-1.58518e-039,-1.68342e-039,2.57057e-037,6.7685e-037,-2.13608e-037,3.04826e-023,-1.15768e-023,0,-49.7999,109.537,-787.399,133911,-129346,-32217.7,-164.27,-170.068,0
429,0,-1.29089e-039,-5.32584e-039,3.16442e-039,2.2409e-036,2.28095e-036,-3.17719e-037,-1.02725e-022,1.00921e-022,0,-49.6729,108.209,-782.669,132999,-128632,-31920.6,-164.35,-169.93,0
429,1,-2.49169e-039,-1.07275e-038,1.094e-038,5.22667e-036,4.59793e-036,-4.32912e-037,-2.07072e-022,2.35388e-022,0,-49.5427,106.889,-777.891,132075,-127914,-31624.9,-164.437,-169.786,0
429,2,-4.06353e-039,-1.78979e-038,2.21952e-038,9.33592e-036,7.67435e-036,-5.43492e-037,-3.45622e-022,4.20452e-022,0,-49.412,105.576,-773.075,131139,-127193,-31331.3,-164.529,-169.634,0
429,3,-5.95476e-039,-2.66579e-038,3.71687e-038,1.45471e-035,1.14337e-035,-6.23121e-037,-5.14929e-022,6.55143e-022,0,-49.2835,104.273,-768.224,130194,-126471,-31039.8,-164.628,-169.473,0
429,4,-8.00932e-039,-3.6366e-038,5.55043e-038,2.05942e-035,1.56013e-035,-6.32403e-037,-7.02621e-022,9.27481e-022,0,-49.1596,102.984,-763.339,129241,-125748,-30750.7,-164.734,-169.311,0
430,0,-9.92191e-039,-4.571e-038,7.58852e-038,2.68413e-035,1.96148e-035,-5.1741e-037,-8.83371e-022,1.20883e-021,0,-49.042,101.71,-758.413,128286,-125023,-30463.6,-164.848,-169.15,0
430,1,-1.1191e-038,-5.24832e-038,9.55974e-038,3.21408e-035,2.25279e-035,-2.10112e-037,-1.01456e-021,1.44749e-021,0,-48.9314,100.45,-753.441,127328,-124299,-30178.8,-164.975,-168.996,0
430,2,-1.10776e-038,-5.33804e-038,1.10059e-037,3.46931e-035,2.2923e-035,3.67935e-037,-1.03236e-021,1.56244e-021,0,-48.8273,99.2059,-748.423,126370,-123577,-29896.8,-165.116,-168.849,0
430,3,-8.58332e-039,-4.38717e-038,1.12389e-037,3.19382e-035,1.88569e-035,1.29702e-036,-8.49238e-022,1.43837e-021,0,-48.7301,97.9786,-743.376,125412,-122858,-29618.9,-165.271,-168.707,0
430,4,-2.46518e-039,-1.8236e-038,9.31353e-038,2.05238e-035,7.87444e-036,2.644e-036,-3.54633e-022,9.24309e-022,0,-48.6415,96.7714,-738.336,124455,-122144,-29346.4,-165.432,-168.561,0
431,0,8.68716e-039,3.01333e-038,4.03356e-038,-3.58502e-036,-1.286e-035,4.43851e-036,5.79161e-022,-1.61455e-022,0,-48.564,95.5871,-733.34,123497,-121434,-29080,-165.59,-168.404,0
431,1,2.62828e-038,1.08012e-037,-5.98621e-038,-4.47735e-035,-4.62561e-035,6.63925e-036,-2.08319e-021,2.01642e-021,0,-48.5003,94.4275,-728.41,122540,-120727,-28819.9,-165.741,-168.229,0
431,2,5.14363e-038,2.21067e-037,-2.2172e-037,-1.07127e-034,-9.47494e-035,9.0902e-036,-4.26713e-021,4.82458e-021,0,-48.4517,93.2933,-723.547,121581,-120023,-28566.2,-165.881,-168.035,0
431,3,8.45191e-038,3.7186e-037,-4.5726e-037,-1.93363e-034,-1.59445e-034,1.14681e-035,-7.18076e-021,8.70831e-021,0,-48.4171,92.1835,-718.743,120623,-119320,-28318.6,-166.013,-167.825,0
431,4,1.24533e-037,5.57019e-037,-7.72108e-037,-3.03255e-034,-2.38905e-034,1.32258e-035,-1.07593e-020,1.36574e-020,0,-48.3947,91.0963,-713.992,119666,-118620,-28076.4,-166.136,-167.602,0
432,0,1.68304e-037,7.63555e-037,-1.15961e-036,-4.31502e-034,-3.27567e-034,1.35404e-035,-1.47523e-020,1.94331e-020,0,-48.3834,90.0297,-709.292,118712,-117922,-27838.7,-166.253,-167.367,0
432,1,2.09534e-037,9.64445e-037,-1.59312e-036,-5.65081e-034,-4.1385e-034,1.12798e-035,-1.86381e-020,2.5449e-020,0,-48.3837,88.9815,-704.633,117760,-117226,-27605.6,-166.365,-167.123,0
432,2,2.37795e-037,1.11385e-036,-2.01675e-036,-6.80233e-034,-4.78101e-034,5.00885e-036,-2.15317e-020,3.0635e-020,0,-48.3961,87.9502,-700.006,116812,-116534,-27377.4,-166.476,-166.873,0
432,3,2.37637e-037,1.14274e-036,-2.33536e-036,-7.39458e-034,-4.90709e-034,-6.93669e-036,-2.20996e-020,3.33022e-020,0,-48.4198,86.9347,-695.407,115866,-115846,-27154.5,-166.588,-166.617,0
432,4,1.88085e-037,9.56027e-037,-2.40524e-036,-6.89129e-034,-4.10883e-034,-2.62749e-035,-1.85045e-020,3.10356e-020,0,-48.4531,85.9326,-690.838,114920,-115165,-26936.4,-166.704,-166.349,0
433,0,6.28972e-038,4.33025e-037,-2.02802e-036,-4.58691e-034,-1.8684e-034,-5.44609e-035,-8.41453e-021,2.06576e-020,0,-48.4931,84.9405,-686.302,113973,-114494,-26722.8,-166.827,-166.069,0
433,1,-1.67881e-037,-5.66414e-037,-9.51379e-037,3.72213e-035,2.41577e-034,-9.21908e-035,1.08797e-020,-1.6763e-021,0,-48.5374,83.956,-681.793,113025,-113831,-26513,-166.958,-165.776,0
433,2,-5.34456e-037,-2.18726e-036,1.11847e-036,8.92032e-034,9.36619e-034,-1.38696e-034,-4.21816e-020,4.01736e-020,0,-48.5835,82.9803,-677.295,112076,-113174,-26306.5,-167.098,-165.476,0
433,3,-1.0612e-036,-4.5528e-036,4.48659e-036,2.19381e-033,1.95127e-033,-1.90822e-034,-8.78773e-020,9.88004e-020,0,-48.6296,82.0191,-672.795,111129,-112523,-26103,-167.247,-165.175,0
433,4,-1.75731e-036,-7.72304e-036,9.41432e-036,4.00304e-033,3.3114e-033,-2.41912e-034,-1.49132e-019,1.80281e-019,0,-48.6746,81.0792,-668.279,110185,-111873,-25902.3,-167.404,-164.879,0
434,0,-2.60362e-036,-1.16355e-035,1.60328e-035,6.31971e-033,4.99037e-033,-2.80609e-034,-2.24746e-019,2.84614e-019,0,-48.7178,80.1645,-663.744,109246,-111224,-25704,-167.57,-164.591,0
434,1,-3.53569e-036,-1.60275e-035,2.42195e-035,9.03854e-033,6.87574e-033,-2.89724e-034,-3.09656e-019,4.0706e-019,0,-48.7586,79.2767,-659.195,108312,-110574,-25507.9,-167.741,-164.309,0
434,2,-4.42364e-036,-2.03429e-035,3.34362e-035,1.18931e-032,8.72913e-033,-2.455e-034,-3.93125e-019,5.35616e-019,0,-48.7958,78.4165,-654.648,107382,-109923,-25313.9,-167.912,-164.03,0
434,3,-5.05072e-036,-2.36301e-035,4.25331e-035,1.43917e-032,1.01426e-032,-1.17672e-034,-4.56781e-019,6.48143e-019,0,-48.8276,77.5821,-650.12,106457,-109271,-25122.4,-168.079,-163.75,0
434,4,-5.09405e-036,-2.44474e-035,4.95352e-035,1.57531e-032,1.04977e-032,1.29056e-034,-4.72775e-019,7.09456e-019,0,-48.8519,76.7679,-645.625,105536,-108617,-24933.4,-168.236,-163.463,0
435,0,-4.11307e-036,-2.07995e-035,5.14419e-035,1.48543e-032,8.93855e-033,5.31423e-034,-4.02557e-019,6.68979e-019,0,-48.8675,75.9671,-641.182,104617,-107962,-24746.9,-168.38,-163.163,0
435,1,-1.55396e-036,-1.01415e-035,4.40909e-035,1.02109e-032,4.37318e-033,1.12105e-033,-1.96951e-019,4.59857e-019,0,-48.874,75.1746,-636.803,103699,-107306,-24562.2,-168.508,-162.843,0
435,2,3.21927e-036,1.04986e-035,2.21625e-035,1.72167e-035,-4.47412e-033,1.91411e-033,2.01496e-019,7.75373e-022,0,-48.8716,74.3881,-632.49,102782,-106650,-24378.8,-168.62,-162.503,0
435,3,1.08537e-035,4.42204e-035,-2.05728e-035,-1.77159e-032,-1.89342e-032,2.89655e-033,-8.52723e-019,7.97855e-019,0,-48.86,73.6072,-628.231,101866,-105996,-24196.2,-168.722,-162.147,0
435,4,2.18814e-035,9.37022e-035,-9.06352e-035,-4.48851e-032,-4.01581e-032,4.00463e-033,-1.80856e-018,2.02145e-018,0,-48.8397,72.8324,-624.005,100953,-105345,-24013.7,-168.82,-161.783,0
436,0,3.65241e-035,1.60334e-034,-1.93699e-034,-8.28323e-032,-6.87449e-032,5.10146e-033,-3.096e-018,3.73044e-018,0,-48.8108,72.0663,-619.791,100047,-104697,-23830.6,-168.923,-161.42,0
436,1,5.44181e-035,2.42978e-034,-3.32788e-034,-1.31656e-031,-1.0421e-031,5.9513e-033,-4.6932e-018,5.92928e-018,0,-48.7715,71.312,-615.574,99146.2,-104055,-23646,-169.038,-161.063,0
436,2,7.42562e-035,3.36333e-034,-5.05694e-034,-1.89274e-031,-1.44284e-031,6.19531e-033,-6.49797e-018,8.52415e-018,0,-48.7186,70.5714,-611.35,98251.7,-103421,-23459,-169.169,-160.713,0
436,3,9.33621e-035,4.2896e-034,-7.01563e-034,-2.50238e-031,-1.84064e-031,5.33501e-033,-8.28952e-018,1.12697e-017,0,-48.6487,69.8446,-607.132,97362.2,-102796,-23268.8,-169.315,-160.364,0
436,4,1.07232e-034,5.01113e-034,-8.96753e-034,-3.04381e-031,-2.15085e-031,2.73242e-033,-9.68656e-018,1.37081e-017,0,-48.5593,69.1302,-602.941,96477.8,-102181,-23074.9,-169.472,-160.012,0
437,0,1.09121e-034,5.22692e-034,-1.05029e-033,-3.35432e-031,-2.24437e-031,-2.36083e-033,-1.01077e-017,1.51065e-017,0,-48.4509,68.4263,-598.8,95600,-101576,-22877.2,-169.633,-159.653,0
437,1,8.97766e-035,4.51836e-034,-1.09953e-033,-3.19882e-031,-1.94162e-031,-1.07298e-032,-8.74428e-018,1.44062e-017,0,-48.326,67.7312,-594.719,94730.5,-100979,-22676.6,-169.793,-159.286,0
437,2,3.75155e-035,2.34903e-034,-9.57177e-034,-2.26504e-031,-1.01243e-031,-2.30609e-032,-4.55959e-018,1.02008e-017,0,-48.1884,67.0422,-590.699,93870.7,-100389,-22473.9,-169.949,-158.914,0
437,3,-6.11604e-035,-1.91115e-034,-5.11097e-034,-1.71229e-032,8.13625e-032,-3.97259e-032,3.66424e-018,7.71147e-019,0,-48.0413,66.356,-586.734,93020.7,-99802.9,-22270,-170.099,-158.54,0
437,4,-2.20103e-034,-8.92448e-034,3.70743e-034,3.50599e-031,3.82093e-031,-6.04733e-032,-1.72079e-017,1.57896e-017,0,-47.8877,65.6695,-582.818,92180.6,-99221.5,-22065.5,-170.244,-158.163,0
438,0,-4.50906e-034,-1.9272e-033,1.82763e-033,9.17467e-031,8.25914e-031,-8.40187e-032,-3.71958e-017,4.1319e-017,0,-47.7294,64.9814,-578.949,91350.1,-98645.1,-21861.1,-170.387,-157.786,0
438,1,-7.58834e-034,-3.32728e-033,3.98257e-033,1.71316e-030,1.42658e-030,-1.07548e-031,-6.42472e-017,7.71537e-017,0,-47.5675,64.291,-575.124,90529.7,-98075.5,-21657.1,-170.529,-157.409,0
438,2,-1.13705e-033,-5.07245e-033,6.90476e-033,2.74183e-030,2.17547e-030,-1.2617e-031,-9.79745e-017,1.23481e-016,0,-47.4026,63.5983,-571.349,89720.5,-97514.5,-21453.8,-170.674,-157.033,0
438,3,-1.55909e-033,-7.05593e-033,1.05555e-032,3.96242e-030,3.02689e-030,-1.32396e-031,-1.36319e-016,1.78452e-016,0,-47.2349,62.9037,-567.623,88923.7,-96963.4,-21251.4,-170.824,-156.66,0
438,4,-1.96983e-033,-9.0426e-033,1.47162e-032,5.2637e-030,3.88007e-030,-1.15771e-031,-1.74743e-016,2.37056e-016,0,-47.0654,62.208,-563.941,88139.4,-96422.4,-21050,-170.98,-156.292,0
439,0,-2.27575e-033,-1.06228e-032,1.89012e-032,6.43548e-030,4.5594e-030,-6.28473e-032,-2.05337e-016,2.89828e-016,0,-46.8958,61.5119,-560.292,87366.4,-95891.1,-20849.9,-171.145,-155.93,0
439,1,-2.33592e-033,-1.11685e-032,2.22607e-032,7.13902e-030,4.79547e-030,4.22337e-032,-2.15969e-016,3.21513e-016,0,-46.7282,60.817,-556.673,86603.5,-95368.7,-20650.9,-171.319,-155.573,0
439,2,-1.95617e-033,-9.80164e-033,2.34877e-032,6.88229e-030,4.21166e-030,2.16241e-031,-1.89676e-016,3.09951e-016,0,-46.5645,60.1264,-553.097,85850.2,-94854.2,-20453.4,-171.496,-155.217,0
439,3,-8.90046e-034,-5.39173e-033,2.07512e-032,5.00862e-030,2.32289e-030,4.74047e-031,-1.04613e-016,2.25568e-016,0,-46.4062,59.4425,-549.587,85107,-94346.7,-20257.1,-171.668,-154.856,0
439,4,1.1488e-033,3.3964e-033,1.16886e-032,7.11162e-031,-1.4439e-030,8.24142e-031,6.50273e-017,3.20279e-017,0,-46.2535,58.7652,-546.163,84374.2,-93846.1,-20062.1,-171.828,-154.485,0
440,0,4.45671e-033,1.79771e-032,-6.49758e-033,-6.91077e-030,-7.69596e-030,1.26216e-030,-3.46595e-016,3.11234e-016,0,-46.1061,58.0922,-542.83,83651.5,-93352.8,-19868.4,-171.974,-154.103,0
440,1,9.28591e-033,3.96091e-032,-3.67811e-032,-1.87344e-029,-1.69742e-029,1.76226e-030,-7.64448e-016,8.43721e-016,0,-45.9637,57.4204,-539.584,82938.5,-92867.4,-19675.9,-172.109,-153.708,0
440,2,1.57596e-032,6.90197e-032,-8.18253e-032,-3.54141e-029,-2.95917e-029,2.26664e-030,-1.33269e-015,1.59491e-015,0,-45.8261,56.7466,-536.42,82234.8,-92390.3,-19484.3,-172.235,-153.303,0
440,3,2.37513e-032,1.05861e-031,-1.43202e-031,-5.7081e-029,-4.54007e-029,2.67388e-030,-2.04467e-015,2.5707e-015,0,-45.6938,56.0683,-533.33,81540.8,-91921.7,-19293,-172.354,-152.89,0
440,4,3.27257e-032,1.47985e-031,-2.20258e-031,-8.29292e-029,-6.34825e-029,2.82771e-030,-2.859e-015,3.7348e-015,0,-45.5671,55.3846,-530.31,80857.8,-91461.9,-19101.6,-172.469,-152.473,0
441,0,4.15486e-032,1.90565e-031,-3.08606e-031,-1.1069e-028,-8.17677e-029,2.50889e-030,-3.68249e-015,4.98502e-015,0,-45.4463,54.6957,-527.355,80187.5,-91010.7,-18910.1,-172.58,-152.056,0
441,1,4.82783e-032,2.25105e-031,-3.98273e-031,-1.3602e-028,-9.66149e-029,1.43413e-030,-4.35115e-015,6.12578e-015,0,-45.3318,54.002,-524.459,79531.3,-90568.4,-18718.5,-172.689,-151.644,0
441,2,4.99719e-032,2.38502e-031,-4.71641e-031,-1.5187e-028,-1.02404e-028,-7.32579e-031,-4.61185e-015,6.83961e-015,0,-45.2242,53.3024,-521.608,78889.9,-90135.8,-18526.8,-172.804,-151.244,0
441,3,4.2555e-032,2.12346e-031,-5.01447e-031,-1.47945e-028,-9.12371e-029,-4.34917e-030,-4.10895e-015,6.66285e-015,0,-45.1244,52.5961,-518.78,78263.4,-89714.6,-18334.7,-172.934,-150.86,0
441,4,2.08305e-032,1.22821e-031,-4.49304e-031,-1.1044e-028,-5.28958e-029,-9.73756e-030,-2.38221e-015,4.97378e-015,0,-45.0319,51.8832,-515.96,77651.3,-89305.9,-18142.6,-173.087,-150.499,0
442,0,-2.12739e-032,-5.83586e-032,-2.65443e-031,-2.2307e-029,2.47592e-029,-1.70902e-029,1.11506e-015,1.00462e-015,0,-44.9458,51.1657,-513.145,77051.9,-88909.7,-17951.5,-173.264,-150.156,0
442,1,-9.00936e-032,-3.61378e-031,1.09387e-031,1.35607e-028,1.54689e-028,-2.63346e-029,-6.96655e-015,6.10718e-015,0,-44.8665,50.4461,-510.348,76463.5,-88525.9,-17762.7,-173.462,-149.826,0
442,2,-1.91108e-031,-8.13475e-031,7.38636e-031,3.82142e-028,3.48595e-028,-3.69523e-029,-1.56993e-014,1.72101e-014,0,-44.7958,49.7279,-507.598,75884.9,-88153.8,-17577.8,-173.669,-149.498,0
442,3,-3.27171e-031,-1.43111e-030,1.67991e-030,7.31692e-028,6.13565e-028,-4.77568e-029,-2.76325e-014,3.29525e-014,0,-44.735,49.0153,-504.925,75316,-87793,-17397.7,-173.873,-149.163,0
442,4,-4.95978e-031,-2.20859e-030,2.96868e-030,1.18793e-027,9.47189e-028,-5.66457e-029,-4.26576e-014,5.34996e-014,0,-44.6839,48.313,-502.351,74757.6,-87442.7,-17222.8,-174.067,-148.816,0
443,0,-6.86732e-031,-3.10285e-030,4.59462e-030,1.73512e-027,1.33104e-027,-6.03596e-029,-5.99447e-014,7.81428e-014,0,-44.6417,47.6249,-499.879,74210.2,-87102.5,-17053,-174.247,-148.456,0
443,1,-8.76101e-031,-4.0148e-030,6.46982e-030,2.32703e-027,1.72265e-027,-5.43026e-029,-7.75814e-014,1.048e-013,0,-44.6076,46.9541,-497.506,73674.3,-86772.8,-16887.9,-174.416,-148.087,0
443,2,-1.02379e-030,-4.7684e-030,8.38968e-030,2.87397e-027,2.04656e-027,-3.25072e-029,-9.21687e-014,1.29432e-013,0,-44.5817,46.302,-495.227,73150,-86454,-16726.6,-174.575,-147.71,0
443,3,-1.06837e-030,-5.09032e-030,9.98913e-030,3.2293e-027,2.18553e-027,1.21419e-029,-9.84274e-014,1.45435e-013,0,-44.5648,45.6683,-493.041,72637.4,-86145.8,-16567.9,-174.723,-147.325,0
443,4,-9.24364e-031,-4.59467e-030,1.06996e-029,3.17768e-027,1.97404e-027,8.72811e-029,-8.89027e-014,1.4311e-013,0,-44.5575,45.0515,-490.946,72135.9,-85847.1,-16410.7,-174.86,-146.932,0
444,0,-4.82211e-031,-2.77982e-030,9.7166e-030,2.42894e-027,1.19685e-027,1.9987e-028,-5.39012e-014,1.0939e-013,0,-44.5588,44.4508,-488.936,71644.7,-85556.8,-16254.1,-174.986,-146.532,0
444,1,3.86808e-031,9.53149e-031,5.99199e-030,6.23006e-028,-4.03088e-028,3.54247e-028,1.81535e-014,2.80577e-014,0,-44.5656,43.866,-486.992,71162.7,-85273.9,-16097.5,-175.103,-146.127,0
444,2,1.81806e-030,7.24817e-030,-1.72867e-030,-2.64721e-027,-3.10223e-027,5.49294e-028,-1.39712e-013,1.1922e-013,0,-44.5738,43.2971,-485.095,70689.1,-84997.9,-15940.3,-175.219,-145.722,0
444,3,3.93041e-030,1.66939e-029,-1.47986e-029,-7.78608e-027,-7.15349e-027,7.74629e-028,-3.22165e-013,3.50654e-013,0,-44.5807,42.7433,-483.221,70223.2,-84727.9,-15782.6,-175.34,-145.323,0
444,4,6.78934e-030,2.9661e-029,-3.44621e-029,-1.51094e-026,-1.27164e-026,1.00592e-027,-5.72695e-013,6.80469e-013,0,-44.5869,42.2012,-481.359,69764.4,-84463.5,-15624.7,-175.469,-144.932,0
445,0,1.03539e-029,4.60637e-029,-6.15161e-029,-2.47136e-026,-1.97548e-026,1.1996e-027,-8.89679e-013,1.113e-012,0,-44.5943,41.6652,-479.505,69311.4,-84204.5,-15467.8,-175.607,-144.548,0
445,1,1.44067e-029,6.50404e-029,-9.58142e-029,-3.62932e-026,-2.79002e-026,1.28771e-027,-1.25651e-012,1.6345e-012,0,-44.603,41.1287,-477.666,68863.1,-83951.3,-15313.2,-175.753,-144.166,0
445,2,1.84681e-029,8.45591e-029,-1.356e-028,-4.89074e-026,-3.62817e-026,1.17394e-027,-1.63398e-012,2.20259e-012,0,-44.6098,40.5867,-475.852,68419,-83704.6,-15161.3,-175.905,-143.782,0
445,3,2.17024e-029,1.00973e-028,-1.76679e-028,-6.07052e-026,-4.33359e-026,7.32619e-028,-1.95168e-012,2.73392e-012,0,-44.6098,40.0362,-474.066,67980,-83465.7,-15012.1,-176.064,-143.398,0
445,4,2.28275e-029,1.08583e-028,-2.1149e-028,-6.86367e-026,-4.66188e-026,-1.86879e-028,-2.09952e-012,3.09112e-012,0,-44.5991,39.4759,-472.306,67548.1,-83235.9,-14864.7,-176.233,-143.018,0
446,0,2.00506e-029,9.93022e-029,-2.2818e-028,-6.81989e-026,-4.26614e-026,-1.74739e-027,-1.9213e-012,3.07141e-012,0,-44.576,38.9065,-470.572,67124.5,-83016.3,-14718.1,-176.416,-142.644,0
446,1,1.1063e-029,6.25688e-029,-2.09893e-028,-5.32954e-026,-2.6932e-026,-4.09921e-027,-1.21291e-012,2.40021e-012,0,-44.5393,38.3318,-468.875,66709,-82807.7,-14571.6,-176.609,-142.274,0
446,2,-6.86301e-030,-1.42956e-029,-1.34561e-028,-1.63224e-026,6.01067e-027,-7.33963e-027,2.70696e-013,7.35096e-013,0,-44.488,37.7583,-467.239,66300.8,-82610.4,-14424.4,-176.805,-141.899,0
446,3,-3.66182e-029,-1.4502e-028,2.4365e-029,5.13686e-026,6.20606e-026,-1.14536e-026,-2.79496e-012,2.31344e-012,0,-44.4218,37.1926,-465.692,65899.7,-82423.8,-14276.2,-176.992,-141.509,0
446,4,-8.07773e-029,-3.42313e-028,2.95729e-028,1.5845e-025,1.46678e-025,-1.6234e-026,-6.60578e-012,7.13595e-012,0,-44.3404,36.64,-464.252,65506.5,-82246.4,-14127.2,-177.159,-141.101,0
447,0,-1.40832e-028,-6.14477e-028,7.06382e-028,3.11837e-025,2.63435e-025,-2.11819e-026,-1.18641e-011,1.40439e-011,0,-44.244,36.104,-462.924,65122.3,-82077.3,-13977.7,-177.302,-140.676,0
447,1,-2.1608e-028,-9.60424e-028,1.27414e-027,5.13956e-025,4.1188e-025,-2.53953e-026,-1.85494e-011,2.31465e-011,0,-44.1348,35.5865,-461.696,64747,-81915.8,-13827.8,-177.423,-140.237,0
447,2,-3.02149e-028,-1.36296e-027,1.99742e-027,7.5892e-025,5.84658e-025,-2.74576e-026,-2.63307e-011,3.41787e-011,0,-44.0169,35.0885,-460.551,64379.7,-81761.7,-13678,-177.53,-139.788,0
447,3,-3.89192e-028,-1.78046e-027,2.84121e-027,1.02761e-024,7.63929e-025,-2.53506e-026,-3.44043e-011,4.62793e-011,0,-43.893,34.611,-459.47,64018.8,-81615.1,-13528.4,-177.629,-139.332,0
447,4,-4.5988e-028,-2.1374e-027,3.71963e-027,1.28184e-024,9.17319e-025,-1.64292e-026,-4.13124e-011,5.77288e-011,0,-43.7637,34.1549,-458.437,63662.9,-81476.6,-13379.3,-177.727,-138.869,0
448,0,-4.87462e-028,-2.31499e-027,4.47611e-027,1.4582e-024,9.93886e-025,2.49454e-027,-4.47606e-011,6.56717e-011,0,-43.6293,33.7191,-457.449,63309.8,-81345.6,-13230.8,-177.824,-138.397,0
448,1,-4.34352e-028,-2.14381e-027,4.86365e-027,1.46258e-024,9.20959e-025,3.48908e-026,-4.14763e-011,6.58685e-011,0,-43.4908,33.301,-456.509,62957.2,-81221.5,-13083,-177.919,-137.91,0
448,2,-2.51909e-028,-1.40155e-027,4.52914e-027,1.16689e-024,6.03144e-025,8.40018e-026,-2.71632e-011,5.25521e-011,0,-43.3485,32.8969,-455.619,62604.1,-81103.7,-12936.1,-178.008,-137.404,0
448,3,1.17647e-028,1.80097e-028,3.00815e-027,4.10641e-025,-7.46966e-026,1.52e-025,3.36404e-012,1.84936e-011,0,-43.2022,32.5034,-454.776,62251.2,-80992.4,-12790.3,-178.093,-136.883,0
448,4,7.36012e-028,2.89367e-027,-2.61063e-028,-9.89841e-025,-1.23816e-024,2.38749e-025,-5.57617e-011,4.45785e-011,0,-43.0513,32.118,-453.971,61900.8,-80887.9,-12645.5,-178.178,-136.354,0
449,0,1.6589e-027,7.01327e-027,-5.893e-027,-3.22041e-024,-3.00499e-024,3.40121e-025,-1.35333e-010,1.45034e-010,0,-42.8955,31.7385,-453.196,61555.6,-80790.1,-12501.6,-178.267,-135.825,0
449,1,2.92005e-027,1.27241e-026,-1.44665e-026,-6.43218e-024,-5.45487e-024,4.45905e-025,-2.45666e-010,2.8968e-010,0,-42.7346,31.3641,-452.442,61217.7,-80699,-12358.4,-178.363,-135.305,0
449,2,4.50803e-027,2.00183e-026,-2.63783e-026,-1.06845e-023,-8.58475e-024,5.37428e-025,-3.86623e-010,4.81189e-010,0,-42.5691,30.9954,-451.697,60887.9,-80614,-12216,-178.469,-134.798,0
449,3,6.33516e-027,2.85538e-026,-4.16264e-026,-1.5865e-023,-1.22483e-023,5.85168e-025,-5.51614e-010,7.14494e-010,0,-42.4001,30.6334,-450.958,60565.2,-80534.9,-12075.1,-178.586,-134.303,0
449,4,8.19935e-027,3.74783e-026,-5.95151e-026,-2.15853e-023,-1.60803e-023,5.46857e-025,-7.24193e-010,9.72116e-010,0,-42.229,30.279,-450.229,60247.5,-80461.4,-11936.1,-178.712,-133.815,0
450,0,9.74143e-027,4.52288e-026,-7.82871e-026,-2.70585e-023,-1.94108e-023,3.66825e-025,-8.74184e-010,1.21861e-009,0,-42.0587,29.9332,-449.522,59932.9,-80393.4,-11799.7,-178.842,-133.326,0
450,1,1.04035e-026,4.93302e-026,-9.47029e-026,-3.0967e-023,-2.11783e-023,-2.23688e-026,-9.53785e-010,1.39463e-009,0,-41.8912,29.5973,-448.848,59619.6,-80330.3,-11666.1,-178.97,-132.828,0
450,2,9.39769e-027,4.62343e-026,-1.03616e-025,-3.13434e-023,-1.98608e-023,-6.94646e-025,-8.9445e-010,1.41158e-009,0,-41.7256,29.2725,-448.207,59306.4,-80271.7,-11535.1,-179.095,-132.319,0
450,3,5.69956e-027,3.12623e-026,-9.76328e-026,-2.54985e-023,-1.34508e-023,-1.71988e-024,-6.05772e-010,1.14835e-009,0,-41.5585,28.9591,-447.594,58993.2,-80216.9,-11406.7,-179.218,-131.8,0
450,4,-1.9144e-027,-1.26088e-027,-6.69801e-026,-1.00451e-023,4.87064e-025,-3.1464e-024,2.19354e-011,4.52391e-010,0,-41.3875,28.6565,-447.007,58680.5,-80165.7,-11280.7,-179.339,-131.274,0
451,0,-1.47602e-026,-5.75663e-026,2.22782e-028,1.89156e-023,2.46279e-023,-4.97505e-024,-1.10914e-009,8.51885e-010,0,-41.2136,28.3639,-446.442,58369.8,-80117.7,-11156.7,-179.458,-130.744,0
451,1,-3.40419e-026,-1.4356e-025,1.17061e-025,6.5364e-023,6.15087e-023,-7.12394e-024,-2.7701e-009,2.94373e-009,0,-41.041,28.0798,-445.898,58061.9,-80072.2,-11034.6,-179.575,-130.213,0
451,2,-6.0519e-026,-2.63357e-025,2.96001e-025,1.32596e-022,1.129e-022,-9.3842e-024,-5.08455e-009,5.9716e-009,0,-40.8753,27.8024,-445.373,57756.7,-80028.3,-10914.8,-179.688,-129.682,0
451,3,-9.40205e-026,-4.17107e-025,5.45846e-025,2.22036e-022,1.78871e-022,-1.13694e-023,-8.05565e-009,9.99961e-009,0,-40.7222,27.53,-444.87,57453.6,-79985.7,-10797.8,-179.796,-129.147,0
451,4,-1.32792e-025,-5.98026e-025,8.67208e-025,3.31554e-022,2.56523e-022,-1.24647e-023,-1.15528e-008,1.49319e-008,0,-40.5859,27.2607,-444.389,57152.1,-79944.8,-10684.2,-179.898,-128.608,0
452,0,-1.72691e-025,-7.88686e-025,1.24631e-024,4.53283e-022,3.38386e-022,-1.1785e-023,-1.52396e-008,2.04141e-008,0,-40.469,26.9941,-443.938,56852.9,-79906.2,-10574.7,-179.994,-128.065,0
452,1,-2.06275e-025,-9.56749e-025,1.64724e-024,5.71009e-022,4.106e-022,-8.15885e-024,-1.84918e-008,2.5716e-008,0,-40.372,26.7299,-443.52,56557.4,-79870.9,-10469.5,-180.084,-127.519,0
452,2,-2.21913e-025,-1.05066e-024,2.00299e-024,6.57359e-022,4.51055e-022,-1.60184e-025,-2.03137e-008,2.96048e-008,0,-40.2937,26.4688,-443.139,56266.3,-79839.7,-10368.7,-180.169,-126.972,0
452,3,-2.03094e-025,-9.9613e-025,2.20638e-024,6.71232e-022,4.27885e-022,1.37849e-023,-1.92702e-008,3.02296e-008,0,-40.2322,26.2126,-442.79,55979.9,-79813.3,-10271.7,-180.251,-126.425,0
452,4,-1.28249e-025,-6.94721e-025,2.10261e-024,5.56171e-022,2.98856e-022,3.51808e-023,-1.34593e-008,2.50477e-008,0,-40.1855,25.9634,-442.465,55697.2,-79791.8,-10177.8,-180.334,-125.879,0
453,0,2.85216e-026,-2.64266e-026,1.48611e-024,2.40717e-022,1.24675e-023,6.5099e-023,-5.61484e-010,1.08409e-008,0,-40.1515,25.7223,-442.156,55417,-79775.1,-10086.3,-180.423,-125.333,0
453,1,2.95275e-025,1.1414e-024,1.05676e-025,-3.57861e-022,-4.88227e-022,1.03636e-022,2.19878e-008,-1.61166e-008,0,-40.1283,25.4901,-441.855,55138.9,-79763.6,-9997.1,-180.52,-124.79,0
453,2,6.98004e-025,2.9359e-024,-2.31719e-024,-1.32475e-021,-1.25783e-021,1.49171e-022,-5.66478e-008,5.96613e-008,0,-40.115,25.2669,-441.556,54864,-79757,-9910,-180.627,-124.251,0
453,3,1.25372e-024,5.44821e-024,-6.05073e-024,-2.73172e-021,-2.33556e-021,1.97437e-022,-1.05184e-007,1.23026e-007,0,-40.1121,25.0513,-441.26,54593.9,-79754.5,-9824.68,-180.743,-123.723,0
453,4,1.96028e-024,8.68806e-024,-1.12897e-023,-4.61238e-021,-3.72571e-021,2.40443e-022,-1.67791e-007,2.07723e-007,0,-40.1215,24.8406,-440.97,54330.3,-79755.2,-9740.9,-180.863,-123.206,0
454,0,2.7827e-024,1.25214e-023,-1.80606e-023,-6.92692e-021,-5.37099e-021,2.65383e-022,-2.41888e-007,3.11961e-007,0,-40.144,24.6307,-440.695,54073.6,-79758.3,-9658.34,-180.983,-122.701,0
454,1,3.63608e-024,1.65923e-023,-2.60919e-023,-9.51613e-021,-7.11882e-021,2.5373e-022,-3.20603e-007,4.28569e-007,0,-40.1788,24.4159,-440.435,53822.4,-79763.4,-9576.39,-181.102,-122.203,0
454,2,4.36634e-024,2.02319e-023,-3.465e-023,-1.20462e-020,-8.68259e-021,1.80846e-022,-3.91029e-007,5.42512e-007,0,-40.2238,24.1894,-440.189,53574.6,-79770.2,-9494.3,-181.218,-121.708,0
454,3,4.73103e-024,2.23668e-023,-4.23498e-023,-1.39487e-020,-9.60195e-021,1.65799e-023,-4.32433e-007,6.28193e-007,0,-40.2771,23.9461,-439.958,53328.7,-79778.4,-9411.5,-181.332,-121.213,0
454,4,4.38429e-024,2.14418e-023,-4.69599e-023,-1.43652e-020,-9.20986e-021,-2.72563e-022,-4.14775e-007,6.4695e-007,0,-40.3368,23.6848,-439.744,53083.8,-79787.6,-9327.67,-181.441,-120.715,0
455,0,2.87206e-024,1.53868e-023,-4.52404e-023,-1.21107e-020,-6.6181e-021,-7.18942e-022,-2.98053e-007,5.45419e-007,0,-40.4006,23.4074,-439.551,52839.3,-79797.9,-9242.85,-181.544,-120.212,0
455,1,-3.53703e-025,1.66484e-024,-3.28683e-023,-5.67828e-021,-7.37939e-022,-1.34624e-021,-3.32338e-008,2.55727e-007,0,-40.4658,23.1175,-439.377,52594,-79809.3,-9157.3,-181.642,-119.701,0
455,2,-5.89085e-024,-2.25468e-023,-4.53402e-024,6.68702e-021,9.64232e-021,-2.15811e-021,4.34251e-007,-3.01157e-007,0,-40.5295,22.8189,-439.22,52346.6,-79821.9,-9071.37,-181.736,-119.181,0
455,3,-1.42999e-023,-5.99821e-023,4.56873e-023,2.68071e-020,2.5697e-020,-3.12267e-021,-1.15729e-006,1.20728e-006,0,-40.591,22.5149,-439.076,52096.1,-79835.8,-8985.54,-181.827,-118.649,0
455,4,-2.59603e-023,-1.12654e-022,1.23562e-022,5.62425e-020,4.82918e-020,-4.15277e-021,-2.17487e-006,2.53294e-006,0,-40.6522,22.2096,-438.941,51842.1,-79851.1,-8900.56,-181.918,-118.107,0
456,0,-4.08577e-023,-1.80905e-022,2.33386e-022,9.57762e-020,7.75765e-020,-5.08326e-021,-3.49373e-006,4.31338e-006,0,-40.7161,21.9063,-438.811,51585,-79867.6,-8816.91,-182.009,-117.556,0
456,1,-5.8296e-023,-2.62099e-022,3.76003e-022,1.44676e-019,1.12424e-019,-5.64755e-021,-5.06312e-006,6.51561e-006,0,-40.7847,21.6069,-438.69,51325.2,-79885.8,-8734.68,-182.101,-116.996,0
456,2,-7.65374e-023,-3.48967e-022,5.46084e-022,1.99724e-019,1.4972e-019,-5.45789e-021,-6.74281e-006,8.99479e-006,0,-40.858,21.312,-438.584,51064.4,-79905.8,-8653.65,-182.19,-116.43,0
456,3,-9.2393e-023,-4.27692e-022,7.28664e-022,2.54054e-019,1.83543e-019,-3.99625e-021,-8.26603e-006,1.14416e-005,0,-40.9357,21.0211,-438.498,50804.9,-79927.2,-8573.04,-182.275,-115.861,0
456,4,-1.00811e-022,-4.75926e-022,8.9512e-022,2.95866e-019,2.04308e-019,-6.25373e-022,-9.20124e-006,1.33246e-005,0,-41.0191,20.732,-438.431,50549.3,-79949.7,-8491.84,-182.354,-115.296,0
457,0,-9.45479e-023,-4.6113e-022,9.99017e-022,3.07236e-019,1.98059e-019,5.36721e-021,-8.9198e-006,1.38367e-005,0,-41.1106,20.4434,-438.381,50298.9,-79972.9,-8409.52,-182.428,-114.738,0
457,1,-6.40485e-023,-3.39772e-022,9.72561e-022,2.63301e-019,1.4612e-019,1.4677e-020,-6.58065e-006,1.1858e-005,0,-41.2106,20.1562,-438.337,50054.1,-79997.1,-8326.13,-182.501,-114.191,0
457,2,2.27996e-024,-5.82391e-023,7.24871e-022,1.32287e-019,2.54822e-020,2.78258e-020,-1.14762e-006,5.95768e-006,0,-41.3155,19.8721,-438.292,49814.5,-80023.2,-8241.89,-182.58,-113.656,0
457,3,1.17171e-022,4.43501e-022,1.43756e-022,-1.23014e-019,-1.89624e-019,4.49251e-020,8.53991e-006,-5.54007e-006,0,-41.4201,19.5915,-438.244,49580.2,-80052.3,-8157.23,-182.666,-113.134,0
457,4,2.92701e-022,1.2242e-021,-8.96774e-022,-5.41545e-019,-5.24432e-019,6.53496e-020,-2.36183e-005,2.4389e-005,0,-41.5206,19.3152,-438.201,49351.2,-80085.5,-8072.82,-182.76,-112.622,0
458,0,5.373e-022,2.32819e-021,-2.52058e-021,-1.15719e-018,-9.98008e-019,8.73223e-020,-4.49463e-005,5.21152e-005,0,-41.6154,19.0448,-438.172,49127.6,-80123.6,-7989.06,-182.859,-112.119,0
458,1,8.51308e-022,3.76556e-021,-4.82216e-021,-1.988e-018,-1.61473e-018,1.07431e-019,-7.27212e-005,8.95317e-005,0,-41.7051,18.7798,-438.162,48908.5,-80167,-7906.15,-182.962,-111.622,0
458,2,1.22092e-021,5.48469e-021,-7.82529e-021,-3.02078e-018,-2.35255e-018,1.20129e-019,-0.00010595,0.000136044,0,-41.7901,18.5176,-438.175,48692.7,-80216,-7824.55,-183.068,-111.126,0
458,3,1.61061e-021,7.3374e-021,-1.14259e-020,-4.19065e-018,-3.14799e-018,1.17303e-019,-0.000141773,0.00018873,0,-41.8706,18.2554,-438.222,48478.7,-80271.2,-7744.71,-183.175,-110.626,0
458,4,1.9544e-021,9.03826e-021,-1.5319e-020,-5.35639e-018,-3.87868e-018,8.80627e-020,-0.00017468,0.000241231,0,-41.9472,17.9929,-438.312,48265.3,-80333.3,-7666.79,-183.279,-110.116,0
459,0,2.14707e-021,1.01223e-020,-1.89135e-020,-6.27321e-018,-4.34526e-018,1.89452e-020,-0.000195693,0.00028252,0,-42.0231,17.7309,-438.452,48052.2,-80402.8,-7590.79,-183.379,-109.595,0
459,1,2.03695e-021,9.90871e-021,-2.12433e-020,-6.56696e-018,-4.25571e-018,-1.05198e-019,-0.00019166,0.00029575,0,-42.1033,17.4693,-438.638,47841,-80479.4,-7516.39,-183.476,-109.067,0
459,2,1.42302e-021,7.48252e-021,-2.08905e-020,-5.71611e-018,-3.21747e-018,-2.99303e-019,-0.000144902,0.000257431,0,-42.1915,17.2075,-438.862,47634.4,-80562.3,-7443.05,-183.571,-108.541,0
459,3,6.01433e-023,1.71108e-021,-1.59448e-020,-3.05092e-018,-7.44491e-019,-5.7484e-019,-3.35289e-005,0.000137401,0,-42.2877,16.9438,-439.12,47434.6,-80650.8,-7370.59,-183.664,-108.022,0
459,4,-2.32275e-021,-8.68188e-021,-4.03654e-021,2.21723e-018,3.71109e-018,-9.34874e-019,0.000167133,-9.98552e-005,0,-42.389,16.6763,-439.411,47242.3,-80744.9,-7299.24,-183.757,-107.513,0
460,0,-5.9856e-021,-2.49578e-020,1.75123e-020,1.09202e-017,1.0691e-017,-1.36721e-018,-0.000481481,0.000491804,0,-42.4927,16.4041,-439.737,47057.6,-80845.1,-7229.15,-183.849,-107.013,0
460,1,-1.11151e-020,-4.80908e-020,5.13603e-020,2.37927e-017,2.06141e-017,-1.83566e-018,-0.000928377,0.00107153,0,-42.5967,16.1285,-440.105,46879.5,-80952.9,-7160.5,-183.94,-106.519,0
460,2,-1.77318e-020,-7.8353e-020,9.95811e-020,4.12477e-017,3.35985e-017,-2.26976e-018,-0.00151314,0.00185763,0,-42.7001,15.852,-440.522,46706.2,-81069.6,-7093.61,-184.031,-106.025,0
460,3,-2.55632e-020,-1.1474e-019,1.62801e-019,6.30535e-017,4.92147e-017,-2.55411e-018,-0.00221643,0.00283968,0,-42.8027,15.5776,-440.993,46535.6,-81196.4,-7028.44,-184.122,-105.525,0
460,4,-3.38833e-020,-1.54233e-019,2.38998e-019,8.79046e-017,6.61703e-017,-2.51905e-018,-0.00298004,0.00395887,0,-42.9051,15.3073,-441.524,46365.9,-81333.9,-6964.42,-184.212,-105.013,0
461,0,-4.13279e-020,-1.90941e-019,3.21966e-019,1.12899e-016,8.19393e-017,-1.9357e-018,-0.00369022,0.00508453,0,-43.0075,15.0414,-442.124,46196.5,-81481.6,-6900.91,-184.296,-104.488,0
461,1,-4.57061e-020,-2.15191e-019,3.99506e-019,1.32961e-016,9.23745e-017,-5.19693e-019,-0.00416018,0.00598801,0,-43.1095,14.7791,-442.797,46028.3,-81638.8,-6837.64,-184.371,-103.949,0
461,2,-4.38433e-020,-2.12746e-019,4.51526e-019,1.40281e-016,9.1369e-017,2.0509e-018,-0.0041149,0.0063177,0,-43.2105,14.5205,-443.539,45862.5,-81804.3,-6774.49,-184.435,-103.401,0
461,3,-3.15117e-020,-1.64377e-019,4.48371e-019,1.23924e-016,7.06734e-017,6.09658e-018,-0.00318285,0.00558105,0,-43.3103,14.2672,-444.335,45700.2,-81976.3,-6711.32,-184.492,-102.851,0
461,4,-3.52915e-021,-4.6163e-020,3.49909e-019,6.97775e-017,2.00228e-017,1.18689e-017,-0.000901746,0.0031425,0,-43.4099,14.0208,-445.168,45541.2,-82153.4,-6648.26,-184.545,-102.301,0
462,0,4.58721e-020,1.69016e-019,1.06096e-019,-3.88682e-017,-7.22248e-017,1.94474e-017,0.00325272,-0.00175047,0,-43.5114,13.7824,-446.024,45385.5,-82335,-6585.55,-184.597,-101.756,0
462,1,1.22282e-019,5.08224e-019,-3.39963e-019,-2.19773e-016,-2.17692e-016,2.85959e-017,-0.00980398,0.00989771,0,-43.6176,13.5536,-446.897,45233.4,-82520.3,-6523.34,-184.652,-101.217,0
462,2,2.29823e-019,9.92813e-019,-1.04529e-018,-4.88844e-016,-4.25558e-016,3.85777e-017,-0.0191654,0.0220156,0,-43.7306,13.3358,-447.78,45086.2,-82708.9,-6461.62,-184.709,-100.688,0
462,3,3.6921e-019,1.62977e-018,-2.05528e-018,-8.55464e-016,-6.98849e-016,4.79392e-017,-0.0314734,0.0385267,0,-43.8519,13.1296,-448.677,44945.3,-82899.9,-6400.43,-184.765,-100.173,0
462,4,5.35081e-019,2.39966e-018,-3.38576e-018,-1.31572e-015,-1.02926e-015,5.42805e-017,-0.0463538,0.0592549,0,-43.9812,12.9347,-449.593,44811.9,-83092.3,-6339.88,-184.817,-99.6721,0
463,0,7.12619e-019,3.24111e-018,-4.99773e-018,-1.84341e-015,-1.3905e-015,5.40538e-017,-0.0626227,0.0830196,0,-44.1169,12.7498,-450.535,44685.8,-83286.3,-6280.34,-184.861,-99.1838,0
463,1,8.73634e-019,4.03252e-018,-6.76503e-018,-2.37894e-015,-1.73047e-015,4.24508e-017,-0.0779332,0.107138,0,-44.2567,12.5732,-451.508,44565.8,-83482.3,-6222.25,-184.897,-98.7043,0
463,2,9.72523e-019,4.57281e-018,-8.43604e-018,-2.81706e-015,-1.96291e-015,1.3467e-017,-0.0884017,0.126869,0,-44.3993,12.4036,-452.514,44449.9,-83681.1,-6165.49,-184.925,-98.2287,0
463,3,9.4285e-019,4.56427e-018,-9.59303e-018,-2.99492e-015,-1.96016e-015,-3.97364e-017,-0.0882779,0.134879,0,-44.5446,12.2401,-453.555,44336.2,-83883.6,-6109.37,-184.947,-97.7528,0
463,4,6.95726e-019,3.60294e-018,-9.6161e-018,-2.68322e-015,-1.54891e-015,-1.24032e-016,-0.0697568,0.120842,0,-44.6926,12.0814,-454.633,44223.3,-84090.6,-6053.19,-184.964,-97.2725,0
464,0,1.21639e-019,1.1838e-018,-7.66219e-018,-1.58469e-015,-5.12439e-016,-2.44925e-016,-0.0230782,0.0713679,0,-44.8414,11.9255,-455.752,44109.8,-84302.8,-5996.61,-184.975,-96.7847,0
464,1,-9.02082e-019,-3.26923e-018,-2.67491e-018,6.54581e-016,1.39654e-015,-4.04404e-016,0.0628944,-0.0294797,0,-44.9863,11.7709,-456.909,43995.3,-84520,-5939.68,-184.982,-96.2889,0
464,2,-2.49556e-018,-1.03364e-017,6.55404e-018,4.41355e-015,4.42718e-015,-5.97921e-016,-0.199383,0.198769,0,-45.1233,11.6175,-458.096,43880.3,-84741.6,-5882.84,-184.986,-95.7884,0
464,3,-4.74956e-018,-2.04847e-017,2.12467e-017,1.00362e-014,8.78027e-015,-8.10514e-016,-0.395428,0.451991,0,-45.2518,11.4662,-459.305,43765.8,-84967.4,-5826.66,-184.991,-95.287,0
464,4,-7.685e-018,-3.38876e-017,4.23954e-017,1.77345e-014,1.45308e-014,-1.0122e-015,-0.654408,0.798689,0,-45.3744,11.319,-460.538,43652.9,-85197.4,-5771.67,-184.995,-94.7866,0
465,0,-1.11969e-017,-5.01718e-017,7.03876e-017,2.74463e-014,2.15193e-014,-1.15309e-015,-0.969144,1.23607,0,-45.4935,11.1779,-461.808,43542.4,-85432.2,-5718.12,-184.995,-94.2868,0
465,1,-1.49833e-017,-6.80908e-017,1.04478e-016,3.86465e-014,2.9212e-014,-1.15903e-015,-1.31559,1.74048,0,-45.6105,11.0449,-463.127,43435.3,-85672.5,-5666.08,-184.987,-93.7871,0
465,2,-1.84619e-017,-8.51371e-017,1.42105e-016,5.01127e-014,3.65341e-014,-9.2901e-016,-1.64535,2.25688,0,-45.7244,10.9205,-464.503,43332.4,-85918.8,-5615.46,-184.969,-93.2876,0
465,3,-2.06837e-017,-9.71309e-017,1.78081e-016,5.96641e-014,4.16933e-014,-3.36304e-016,-1.8777,2.68703,0,-45.8332,10.8036,-465.938,43233.8,-86171.2,-5565.91,-184.941,-92.7886,0
465,4,-2.02589e-017,-9.78499e-017,2.03727e-016,6.39043e-014,4.2021e-014,7.64315e-016,-1.89246,2.87799,0,-45.9339,10.6936,-467.425,43139,-86429.5,-5516.88,-184.906,-92.2907,0
466,0,-1.53192e-017,-7.88097e-017,2.06085e-016,5.80276e-014,3.38771e-014,2.5201e-015,-1.52569,2.61333,0,-46.0234,10.59,-468.953,43047.6,-86693.7,-5467.68,-184.866,-91.795,0
466,1,-3.55089e-018,-2.9351e-017,1.67452e-016,3.57735e-014,1.26877e-014,5.05133e-015,-0.571404,1.6111,0,-46.0994,10.4912,-470.509,42959.1,-86964,-5417.67,-184.83,-91.3036,0
466,2,1.76537e-017,6.27577e-017,6.5534e-017,-1.03507e-014,-2.67975e-014,8.40635e-015,1.20685,-0.466154,0,-46.1603,10.3943,-472.081,42874.6,-87240.5,-5366.39,-184.8,-90.8204,0
466,3,5.08737e-017,2.09947e-016,-1.25319e-016,-8.84272e-014,-8.99164e-014,1.24985e-014,-4.04947,3.98241,0,-46.2056,10.2969,-473.671,42795,-87523.2,-5313.7,-184.777,-90.3477,0
466,4,9.8103e-017,4.22413e-016,-4.31278e-016,-2.05887e-013,-1.81052e-013,1.70241e-014,-8.15386,9.27233,0,-46.235,10.1976,-475.281,42720.5,-87811.8,-5259.77,-184.758,-89.8846,0
467,0,1.59905e-016,7.04358e-016,-8.73993e-016,-3.67489e-013,-3.02018e-013,2.13652e-014,-13.6017,16.5502,0,-46.2491,10.0945,-476.918,42649.9,-88106,-5205.03,-184.74,-89.4283,0
467,1,2.34236e-016,1.04868e-015,-1.46276e-015,-5.72354e-013,-4.49784e-013,2.44851e-014,-20.2565,25.7765,0,-46.2489,9.98512,-478.577,42582.3,-88405.4,-5149.83,-184.725,-88.9768,0
467,2,3.14947e-016,1.43009e-015,-2.18347e-015,-8.09985e-013,-6.1352e-013,2.48342e-014,-27.6305,36.4785,0,-46.2356,9.86648,-480.256,42516.8,-88710,-5093.94,-184.714,-88.5294,0
467,3,3.90016e-016,1.79691e-015,-2.9842e-015,-1.05533e-012,-7.7108e-013,2.02915e-014,-34.7264,47.5278,0,-46.2104,9.73635,-481.948,42452.8,-89019,-5036.65,-184.707,-88.0859,0
467,4,4.39706e-016,2.06231e-015,-3.75808e-015,-1.26321e-012,-8.85225e-013,8.18288e-015,-39.867,56.89,0,-46.175,9.59411,-483.649,42390.2,-89332.2,-4977.18,-184.705,-87.6468,0
468,0,4.34952e-016,2.09625e-015,-4.32477e-015,-1.36283e-012,-9.00188e-013,-1.45743e-014,-40.5409,61.3764,0,-46.1318,9.44044,-485.353,42329.2,-89648.8,-4914.92,-184.709,-87.2133,0
468,1,3.36488e-016,1.72059e-015,-4.41359e-015,-1.25349e-012,-7.39547e-013,-5.11331e-014,-33.3062,56.4522,0,-46.083,9.27585,-487.055,42269.7,-89968.4,-4849.48,-184.719,-86.7863,0
468,2,9.54559e-017,7.10432e-016,-3.65285e-015,-8.03388e-013,-3.0679e-013,-1.04116e-013,-13.8166,36.1814,0,-46.0306,9.09997,-488.749,42211.6,-90289.1,-4780.69,-184.735,-86.3667,0
468,3,-3.4356e-016,-1.19384e-015,-1.57224e-015,1.46061e-013,5.09513e-013,-1.74677e-013,22.9464,-6.57801,0,-45.9768,8.91159,-490.425,42155.4,-90608.7,-4708.39,-184.755,-85.9567,0
468,4,-1.03589e-015,-4.25833e-015,2.37255e-015,1.76713e-012,1.82363e-012,-2.61182e-013,-82.1292,79.5844,0,-45.9234,8.70883,-492.078,42101.8,-90924.6,-4632.25,-184.777,-85.5592,0
469,0,-2.02523e-015,-8.7053e-015,8.74165e-015,4.22017e-012,3.7311e-012,-3.57476e-013,-168.034,190.06,0,-45.8721,8.48964,-493.711,42051.4,-91235.3,-4551.92,-184.795,-85.1741,0
469,1,-3.32601e-015,-1.46346e-014,1.80066e-014,7.61158e-012,6.275e-012,-4.50831e-013,-282.601,342.795,0,-45.8238,8.25258,-495.334,42004,-91540.5,-4467.23,-184.806,-84.7994,0
469,2,-4.89873e-015,-2.19127e-014,3.03869e-014,1.19318e-011,9.39834e-012,-5.19715e-013,-309.289,392.663,0,-45.7796,7.99722,-496.959,41959.6,-91841,-4378.28,-184.806,-84.4327,0
469,3,-6.61829e-015,-3.00273e-014,4.56185e-014,1.69716e-011,1.28818e-011,-5.31751e-013,-282.381,372.034,0,-45.7411,7.72404,-498.598,41918.4,-92137.9,-4285.4,-184.794,-84.0726,0
469,4,-8.23668e-015,-3.79142e-014,6.26508e-014,2.22179e-011,1.62693e-011,-4.42419e-013,-259.682,354.631,0,-45.7094,7.43395,-500.262,41880.5,-92432.2,-4189.14,-184.768,-83.7171,0
470,0,-9.34351e-015,-4.37697e-014,7.92832e-014,2.67355e-011,1.87873e-011,-1.95303e-013,-236.965,337.215,0,-45.6838,7.12767,-501.961,41844.8,-92725.8,-4090.09,-184.727,-83.3626,0
470,1,-9.33108e-015,-4.48777e-014,9.17708e-014,2.90488e-011,1.92711e-011,2.75e-013,-209.992,316.536,0,-45.6631,6.8058,-503.701,41809.6,-93020.3,-3988.63,-184.674,-83.0047,0
470,2,-7.37451e-015,-3.74986e-014,9.44601e-014,2.70485e-011,1.61163e-011,1.03596e-012,-170.615,286.348,0,-45.6454,6.46879,-505.486,41772.9,-93316.9,-3884.82,-184.608,-82.6392,0
470,3,-2.44226e-015,-1.68885e-014,7.95498e-014,1.79605e-011,7.28735e-012,2.14466e-012,-91.6074,225.777,0,-45.6287,6.11696,-507.309,41733.4,-93616,-3778.56,-184.535,-82.2643,0
470,4,6.64272e-015,2.24603e-014,3.71208e-014,-1.57037e-012,-9.57985e-012,3.62827e-012,258.072,-42.3043,0,-45.6104,5.75069,-509.159,41690.5,-93916.8,-3669.8,-184.455,-81.8812,0
471,0,2.10665e-014,8.62413e-014,-4.43725e-014,-3.52144e-011,-3.69301e-011,5.4563e-012,-832.273,793.607,0,-45.5883,5.37032,-511.02,41644.6,-94217.4,-3558.93,-184.371,-81.493,0
471,1,4.17851e-014,1.79291e-013,-1.76911e-013,-8.64284e-011,-7.68417e-011,7.5043e-012,-434.353,488.542,0,-45.5612,4.97604,-512.87,41595.3,-94515.9,-3446.67,-184.288,-81.1031,0
471,2,6.91557e-014,3.03951e-013,-3.70747e-013,-1.57582e-010,-1.30325e-010,9.51021e-012,-351.52,425.039,0,-45.5293,4.5687,-514.685,41542.9,-94810.8,-3333.77,-184.211,-80.7151,0
471,3,1.0242e-013,4.5774e-013,-6.31001e-013,-2.4866e-010,-1.96322e-010,1.1027e-011,-311.128,394.072,0,-45.4937,4.15091,-516.449,41487.9,-95100.9,-3220.85,-184.144,-80.3329,0
471,4,1.39038e-013,6.30304e-013,-9.52807e-013,-3.55506e-010,-2.70399e-010,1.13784e-011,-283.792,373.115,0,-45.4567,3.72655,-518.152,41432,-95386,-3108.54,-184.089,-79.9612,0
472,0,1.73895e-013,7.99736e-013,-1.31494e-012,-4.67623e-010,-3.43167e-010,9.63015e-012,-260.976,355.623,0,-45.4202,3.29904,-519.792,41377.4,-95666.6,-2997.28,-184.048,-79.6038,0
472,1,1.98461e-013,9.28587e-013,-1.67211e-012,-5.65655e-010,-3.98571e-010,4.5925e-012,-238.364,338.288,0,-45.3851,2.87056,-521.373,41326.2,-95943.9,-2887.21,-184.021,-79.2642,0
472,2,2.00034e-013,9.60139e-013,-1.9466e-012,-6.18864e-010,-4.12284e-010,-5.12169e-012,-211.797,317.921,0,-45.3519,2.44266,-522.904,41280.2,-96218.7,-2778.11,-184.008,-78.9441,0
472,3,1.6129e-013,8.15917e-013,-2.02035e-012,-5.83077e-010,-3.50641e-010,-2.09553e-011,-173.555,288.602,0,-45.3214,2.01681,-524.393,41239.4,-96491.6,-2669.54,-184.006,-78.6423,0
472,4,6.04568e-014,3.95882e-013,-1.72967e-012,-3.99924e-010,-1.70717e-010,-4.4149e-011,-98.6989,231.214,0,-45.2955,1.59369,-525.851,41202.7,-96762,-2560.92,-184.01,-78.3544,0
473,0,-1.27456e-013,-4.16769e-013,-8.65426e-013,1.56101e-012,1.77624e-010,-7.53342e-011,205.244,-1.80375,0,-45.2758,1.17244,-527.288,41167.6,-97029.2,-2451.77,-184.015,-78.0741,0
473,1,-4.27859e-013,-1.74377e-012,8.17194e-013,6.99531e-010,7.46651e-010,-1.13952e-010,-913.676,856.015,0,-45.2637,0.750977,-528.715,41131.6,-97292.9,-2341.82,-184.018,-77.7954,0
473,2,-8.61619e-013,-3.6902e-012,3.57428e-012,1.76843e-009,1.58152e-009,-1.5749e-010,-442.472,494.767,0,-45.2598,0.326891,-530.138,41092.4,-97553.3,-2231.12,-184.015,-77.5127,0
473,3,-1.43738e-012,-6.31035e-012,7.62844e-012,3.26084e-009,2.70563e-009,-2.00556e-010,-354.677,427.459,0,-45.2646,-0.101547,-531.563,41048.7,-97811.1,-2120.07,-184.007,-77.2228,0
473,4,-2.14072e-012,-9.55898e-012,1.30979e-011,5.18037e-009,4.09972e-009,-2.33872e-010,-313.007,395.513,0,-45.2778,-0.535061,-532.989,41000.1,-98067,-2009.16,-183.994,-76.9249,0
474,0,-2.92012e-012,-1.3227e-011,1.98947e-011,7.44473e-009,5.67429e-009,-2.4332e-010,-285.216,374.207,0,-45.2986,-0.973892,-534.408,40946.4,-98322,-1898.67,-183.983,-76.6202,0
474,1,-3.67018e-012,-1.6864e-011,2.75907e-011,9.8393e-009,7.23625e-009,-2.09297e-010,-262.271,356.616,0,-45.3265,-1.41807,-535.806,40887.6,-98576.7,-1788.54,-183.978,-76.3105,0
474,2,-4.21366e-012,-1.96927e-011,3.5255e-011,1.19638e-008,8.45238e-009,-1.06721e-010,-239.75,339.35,0,-45.3611,-1.86691,-537.174,40824,-98830.6,-1678.76,-183.982,-75.9977,0
474,3,-4.28517e-012,-2.05289e-011,4.12745e-011,1.3178e-008,8.81485e-009,9.38186e-011,-213.566,319.277,0,-45.4023,-2.31883,-538.515,40756.5,-99082.8,-1569.37,-183.993,-75.6832,0
474,4,-3.52095e-012,-1.77264e-011,4.31853e-011,1.25572e-008,7.61737e-009,4.23157e-010,-176.388,290.774,0,-45.45,-2.77188,-539.831,40685.9,-99331.9,-1460.27,-184.005,-75.3678,0
475,0,-1.46163e-012,-9.17615e-012,3.75535e-011,8.87345e-009,3.95506e-009,9.0822e-010,-105.318,236.288,0,-45.5058,-3.22411,-541.128,40612.6,-99576.6,-1351.06,-184.017,-75.0518,0
475,1,2.4232e-012,7.59787e-012,1.9971e-011,6.26403e-010,-3.23487e-009,1.56355e-009,161.979,31.3656,0,-45.5724,-3.67422,-542.403,40537.2,-99815.6,-1241.09,-184.025,-74.7363,0
475,2,8.6775e-012,3.5197e-011,-1.47512e-011,-1.38474e-008,-1.50694e-008,2.37911e-009,-1021.57,938.73,0,-45.6519,-4.12205,-543.652,40459.9,-100049,-1129.93,-184.031,-74.4224,0
475,3,1.7756e-011,7.59009e-011,-7.20839e-011,-3.61499e-008,-3.2528e-008,3.30427e-009,-451.251,501.498,0,-45.7443,-4.56853,-544.869,40380,-100276,-1017.92,-184.037,-74.1094,0
475,4,2.98642e-011,1.30957e-010,-1.56854e-010,-6.74439e-008,-5.61481e-008,4.22818e-009,-357.965,429.98,0,-45.848,-5.01551,-546.054,40295.8,-100499,-906.365,-184.046,-73.7945,0
476,0,4.47308e-011,1.99559e-010,-2.71766e-010,-1.07887e-007,-8.5587e-008,4.95833e-009,-314.929,396.986,0,-45.9599,-5.46561,-547.214,40206.5,-100716,-796.841,-184.053,-73.4749,0
476,1,6.13123e-011,2.77495e-010,-4.15275e-010,-1.55858e-007,-1.19042e-007,5.20008e-009,-286.657,375.312,0,-46.077,-5.92077,-548.362,40112.3,-100930,-690.654,-184.058,-73.1494,0
476,2,7.74381e-011,3.55505e-010,-5.78763e-010,-2.06972e-007,-1.52543e-007,4.54224e-009,-263.567,357.61,0,-46.1984,-6.38002,-549.508,40013.9,-101141,-588.649,-184.057,-72.8176,0
476,3,8.94274e-011,4.17467e-010,-7.431e-010,-2.52954e-007,-1.7918e-007,2.45617e-009,-241.124,340.404,0,-46.3256,-6.83852,-550.667,39911.9,-101349,-491.226,-184.048,-72.4792,0
476,4,9.17359e-011,4.38666e-010,-8.74833e-010,-2.80477e-007,-1.88352e-007,-1.68142e-009,-215.301,320.606,0,-46.4612,-7.28922,-551.85,39807.2,-101557,-398.431,-184.03,-72.1341,0
477,0,7.67282e-011,3.84574e-010,-9.22544e-010,-2.70186e-007,-1.65248e-007,-8.52916e-009,-179.122,292.87,0,-46.606,-7.72582,-553.065,39700.7,-101765,-310.004,-184.003,-71.7831,0
477,1,3.47148e-011,2.10745e-010,-8.14223e-010,-1.96258e-007,-9.07966e-008,-1.86706e-008,-111.513,241.038,0,-46.7598,-8.1451,-554.309,39592.6,-101974,-225.342,-183.967,-71.4269,0
477,2,-4.55567e-011,-1.35293e-010,-4.5698e-010,-2.69816e-008,5.7523e-008,-3.24378e-008,125.877,59.0433,0,-46.9211,-8.54742,-555.576,39482.9,-102185,-143.556,-183.927,-71.0665,0
477,3,-1.75724e-010,-7.09093e-010,2.59127e-010,2.73033e-007,3.03564e-007,-4.96563e-008,-1171.49,1053.67,0,-47.0885,-8.93536,-556.853,39371,-102398,-63.653,-183.888,-70.7027,0
477,4,-3.65683e-010,-1.56005e-009,1.4509e-009,7.38224e-007,6.68548e-007,-6.9307e-008,-460.781,508.804,0,-47.2602,-9.31182,-558.118,39256.9,-102615,15.2995,-183.858,-70.3379,0
478,0,-6.20243e-010,-2.7166e-009,3.22286e-009,1.39424e-006,1.16472e-006,-8.91132e-008,-361.394,432.609,0,-47.4341,-9.67947,-559.351,39140.6,-102835,94.0549,-183.846,-69.975,0
478,1,-9.34378e-010,-4.16483e-009,5.63648e-009,2.24611e-006,1.78619e-006,-1.05083e-007,-316.898,398.496,0,-47.6077,-10.04,-560.541,39022.3,-103058,173.005,-183.854,-69.6154,0
478,2,-1.28699e-009,-5.82007e-009,8.66562e-009,3.26199e-006,2.49669e-006,-1.11067e-007,-288.114,376.429,0,-47.779,-10.3929,-561.694,38902,-103283,251.979,-183.878,-69.2583,0
478,3,-1.6334e-009,-7.4921e-009,1.21372e-008,4.35246e-006,3.21473e-006,-9.84449e-008,-264.866,358.605,0,-47.947,-10.7372,-562.827,38780.2,-103509,330.448,-183.908,-68.9025,0
478,4,-1.89719e-009,-8.84663e-009,1.56584e-008,5.34654e-006,3.79697e-006,-5.60769e-008,-242.488,341.449,0,-48.1117,-11.0735,-563.965,38657.9,-103733,408.025,-183.936,-68.5466,0
479,0,-1.96258e-009,-9.36804e-009,1.85357e-008,5.96684e-006,4.02228e-006,2.92412e-008,-217.002,321.911,0,-48.2743,-11.4043,-565.124,38535.6,-103958,484.491,-183.955,-68.1897,0
479,1,-1.66935e-009,-8.33231e-009,1.96965e-008,5.80839e-006,3.58009e-006,1.71569e-007,-181.763,294.895,0,-48.4375,-11.7331,-566.312,38413.3,-104181,559.344,-183.964,-67.8307,0
479,2,-8.1317e-010,-4.80306e-009,1.7631e-008,4.32834e-006,2.06861e-006,3.8354e-007,-117.327,245.495,0,-48.6049,-12.0618,-567.527,38290.3,-104403,631.576,-183.962,-67.4686,0
479,3,8.44585e-010,2.33129e-009,1.03826e-008,8.56571e-007,-9.89244e-007,6.72683e-007,95.2791,82.5007,0,-48.7797,-12.3903,-568.763,38166.1,-104624,700.018,-183.949,-67.1037,0
479,4,3.55274e-009,1.42565e-008,-4.37747e-009,-5.35942e-006,-6.10256e-006,1.03609e-006,-1394.08,1224.32,0,-48.9643,-12.7163,-570.008,38040.8,-104841,764.013,-183.929,-66.7373,0
480,0,7.52627e-009,3.20414e-008,-2.91416e-008,-1.50594e-005,-1.37306e-005,1.45331e-006,-471.168,516.767,0,-49.1609,-13.0374,-571.247,37914.7,-105056,823.755,-183.906,-66.3718,0
480,1,1.28766e-008,5.633e-008,-6.61703e-008,-2.88075e-005,-2.41506e-005,1.8776e-006,-364.976,435.355,0,-49.3697,-13.3521,-572.462,37787.7,-105268,879.906,-183.887,-66.009,0
480,2,1.95123e-008,8.68937e-008,-1.16852e-007,-4.67457e-005,-3.72658e-005,2.22622e-006,-318.915,400.042,0,-49.5887,-13.6597,-573.637,37659.5,-105479,933.194,-183.877,-65.6503,0
480,3,2.70073e-008,1.22034e-007,-1.80771e-007,-6.82517e-005,-5.23492e-005,2.37091e-006,-289.589,377.56,0,-49.8133,-13.9602,-574.763,37529.9,-105687,984.613,-183.88,-65.2963,0
480,4,3.44428e-008,1.57846e-007,-2.54457e-007,-9.15035e-005,-6.77281e-005,2.13093e-006,-266.167,359.603,0,-50.0376,-14.2556,-575.842,37398.8,-105893,1035.52,-183.893,-64.9463,0
481,0,4.0233e-008,1.87403e-007,-3.29853e-007,-0.00011297,-8.04317e-005,1.27165e-006,-243.841,342.487,0,-50.2566,-14.5491,-576.89,37266.3,-106097,1087.23,-183.913,-64.5987,0
481,1,4.19608e-008,1.99949e-007,-3.92587e-007,-0.000126881,-8.5848e-005,-4.86564e-007,-218.673,323.192,0,-50.467,-14.8437,-577.931,37133,-106299,1141.03,-183.93,-64.2517,0
481,2,3.62647e-008,1.80307e-007,-4.2029e-007,-0.000124764,-7.74666e-005,-3.4437e-006,-184.317,296.853,0,-50.6662,-15.1413,-578.986,36998.9,-106499,1198.48,-183.941,-63.903,0
481,3,1.88376e-008,1.08755e-007,-3.81319e-007,-9.52112e-005,-4.68251e-005,-7.87287e-006,-122.798,249.689,0,-50.8507,-15.4425,-580.071,36863.7,-106700,1261.1,-183.942,-63.5504,0
481,4,-1.53792e-008,-3.82458e-008,-2.34466e-007,-2.40668e-005,1.61789e-005,-1.39439e-005,69.0031,102.645,0,-51.0165,-15.7466,-581.191,36727.1,-106900,1329.82,-183.932,-63.1928,0
482,0,-7.17027e-008,-2.8599e-007,6.95727e-008,0.000104664,0.000122405,-2.16115e-005,-1759.39,1504.38,0,-51.1612,-16.0539,-582.337,36589.1,-107100,1404.95,-183.915,-62.8314,0
482,1,-1.54796e-007,-6.57582e-007,5.83953e-007,0.000306858,0.00028178,-3.04662e-005,-482.539,525.484,0,-51.2862,-16.3663,-583.491,36450.5,-107302,1486.15,-183.896,-62.4696,0
482,2,-2.67219e-007,-1.16752e-006,1.35751e-006,0.000594899,0.000500546,-3.95494e-005,-368.723,438.227,0,-51.3952,-16.6863,-584.633,36312.4,-107503,1572.46,-183.881,-62.1115,0
482,3,-4.07342e-007,-1.81235e-006,2.42144e-006,0.00097252,0.000777243,-4.71464e-005,-320.983,401.628,0,-51.4919,-17.0156,-585.751,36175.4,-107703,1662.82,-183.872,-61.7591,0
482,4,-5.66587e-007,-2.55806e-006,3.76979e-006,0.00142764,0.00109732,-5.05831e-005,-291.083,378.705,0,-51.5792,-17.3555,-586.842,36039.1,-107902,1756.32,-183.869,-61.412,0
483,0,-7.26066e-007,-3.32461e-006,5.33322e-006,0.00192318,0.00142649,-4.60713e-005,-267.472,360.603,0,-51.6588,-17.7078,-587.917,35902.7,-108100,1852.03,-183.87,-61.0677,0
483,1,-8.52884e-007,-3.96843e-006,6.94654e-006,0.00238626,0.00170319,-2.86704e-005,-245.185,343.517,0,-51.7316,-18.0739,-588.99,35765.5,-108297,1948.92,-183.869,-60.7234,0
483,2,-8.96597e-007,-4.26531e-006,8.31206e-006,0.00269685,0.00183127,7.53985e-006,-220.314,324.45,0,-51.7977,-18.4532,-590.078,35627,-108492,2046.12,-183.861,-60.3768,0
483,3,-7.86702e-007,-3.89719e-006,8.96345e-006,0.00267782,0.00167429,6.8956e-005,-186.79,298.749,0,-51.8593,-18.8444,-591.192,35487.4,-108685,2142.95,-183.84,-60.027,0
483,4,-4.3243e-007,-2.44878e-006,8.23769e-006,0.00208944,0.00105407,0.000161477,-127.956,253.644,0,-51.9208,-19.2466,-592.335,35347.2,-108873,2239.25,-183.802,-59.6743,0
484,0,2.73419e-007,5.78201e-007,5.26718e-006,0.000632806,-0.000243246,0.000288911,46.1815,120.141,0,-51.9868,-19.6588,-593.506,35207.1,-109055,2335.73,-183.747,-59.3206,0
484,1,1.44439e-006,5.72306e-006,-9.91598e-007,-0.00203191,-0.00244919,0.000450645,-2469.94,2049.13,0,-52.0591,-20.0811,-594.699,35068.1,-109232,2433.55,-183.675,-58.9679,0
484,2,3.18151e-006,1.34846e-005,-1.16717e-005,-0.00624524,-0.00577806,0.000638496,-495.048,535.074,0,-52.1372,-20.5149,-595.911,34930.3,-109403,2533.68,-183.59,-58.6167,0
484,3,5.54312e-006,2.41879e-005,-2.78271e-005,-0.0122783,-0.0103697,0.00083282,-372.648,441.237,0,-52.2198,-20.9622,-597.142,34792.8,-109570,2636.66,-183.491,-58.2656,0
484,4,8.50116e-006,3.77882e-005,-5.01555e-005,-0.0202255,-0.0162056,0.000998105,-323.107,403.256,0,-52.3055,-21.4244,-598.393,34654.2,-109733,2742.47,-183.38,-57.9121,0
485,0,1.18832e-005,5.36068e-005,-7.85901e-005,-0.0298537,-0.0229953,0.00107861,-292.598,379.866,0,-52.3935,-21.9015,-599.661,34513.1,-109893,2850.71,-183.259,-57.5544,0
485,1,1.53012e-005,7.00036e-005,-0.000111749,-0.0404092,-0.030036,0.000994961,-268.781,361.607,0,-52.4829,-22.3921,-600.938,34368.2,-110050,2961.16,-183.13,-57.191,0
485,2,1.80733e-005,8.40059e-005,-0.000146249,-0.0503887,-0.0360534,0.000643154,-246.521,344.541,0,-52.5724,-22.894,-602.205,34218.5,-110204,3073.95,-183,-56.8221,0
485,3,1.91469e-005,9.09398e-005,-0.000175926,-0.0572969,-0.039043,-0.000102104,-221.928,325.687,0,-52.6607,-23.4066,-603.441,34063.9,-110355,3189.17,-182.876,-56.4494,0
485,4,1.70437e-005,8.4142e-005,-0.000191063,-0.0574308,-0.0361466,-0.00137714,-189.187,300.587,0,-52.7469,-23.9303,-604.625,33904.7,-110504,3306.61,-182.764,-56.0757,0
486,0,9.85148e-006,5.48706e-005,-0.000177769,-0.0457546,-0.0236135,-0.00330922,-132.832,257.382,0,-52.8321,-24.4659,-605.738,33741.6,-110650,3425.98,-182.67,-55.7034,0
486,1,-4.70067e-006,-7.41883e-006,-0.000117785,-0.0159584,0.00308181,-0.00598341,26.1647,135.487,0,-52.9187,-25.0133,-606.773,33574.8,-110794,3546.81,-182.596,-55.3334,0
486,2,-2.90362e-005,-0.000114219,1.09684e-005,0.0391747,0.0488732,-0.00939383,-4455.82,3571.59,0,-53.0093,-25.5729,-607.732,33404.1,-110938,3668.47,-182.543,-54.9651,0
486,3,-6.53412e-005,-0.000276289,0.000232632,0.126943,0.118383,-0.0133775,-508.883,545.681,0,-53.1065,-26.145,-608.628,33228.8,-111081,3790.39,-182.51,-54.5963,0
486,4,-0.000114936,-0.000500881,0.000569927,0.253273,0.21473,-0.0175323,-376.768,444.395,0,-53.2122,-26.7305,-609.479,33048.4,-111225,3912.1,-182.491,-54.224,0
487,0,-0.000177362,-0.000787644,0.00103839,0.420475,0.337778,-0.0211229,-325.289,404.929,0,-53.3269,-27.3302,-610.313,32862.7,-111369,4033.27,-182.478,-53.8456,0
487,1,-0.000249159,-0.00112307,0.00163786,0.624095,0.481748,-0.0229879,-294.133,381.043,0,-53.4495,-27.9454,-611.151,32672.7,-111513,4153.93,-182.465,-53.461,0
487,2,-0.000322367,-0.00147359,0.00234086,0.84883,0.632255,-0.0214646,-270.095,362.615,0,-53.5792,-28.5752,-612.004,32481.1,-111657,4274.26,-182.444,-53.0733,0
487,3,-0.000382848,-0.00177767,0.00307816,1.06369,0.76292,-0.0143643,-247.849,345.56,0,-53.7155,-29.216,-612.875,32290.2,-111797,4394.11,-182.415,-52.6863,0
487,4,-0.000408652,-0.00193791,0.00372223,1.21682,0.83198,0.000963748,-223.516,326.905,0,-53.8587,-29.8631,-613.766,32102,-111936,4513.13,-182.375,-52.3034,0
488,0,-0.000368792,-0.00181477,0.00407058,1.23082,0.779569,0.0274237,-191.513,302.37,0,-54.0095,-30.5115,-614.67,31917.8,-112072,4631.07,-182.329,-51.9267,0
488,1,-0.000222989,-0.00122427,0.00383236,0.999948,0.526757,0.0677582,-137.45,260.922,0,-54.1684,-31.1573,-615.583,31737.5,-112209,4747.88,-182.281,-51.5569,0
488,2,7.68425e-005,5.66475e-005,0.00262333,0.391042,-0.0221839,0.12386,8.4564,149.063,0,-54.3364,-31.7982,-616.5,31561,-112348,4863.86,-182.234,-51.1938,0
488,3,0.000582398,0.00227277,-2.34958e-005,-0.749102,-0.972345,0.195753,-41383.8,31882.4,0,-54.514,-32.4345,-617.429,31387.9,-112489,4979.56,-182.189,-50.8365,0
488,4,0.00134093,0.00565593,-0.00462219,-2.57679,-2.42331,0.280202,-524.277,557.483,0,-54.7007,-33.0687,-618.374,31218.2,-112633,5095.34,-182.144,-50.4844,0
489,0,0.00238217,0.0103673,-0.0116621,-5.22132,-4.44443,0.368978,-381.1,447.716,0,-54.8958,-33.7036,-619.34,31052.5,-112779,5211.28,-182.096,-50.138,0
489,1,0.00369919,0.016412,-0.0214882,-8.73815,-7.03809,0.446872,-327.533,406.649,0,-55.0994,-34.3424,-620.323,30891,-112927,5327.62,-182.045,-49.7982,0
489,2,0.00522276,0.023522,-0.0341225,-13.0429,-10.0897,0.489684,-295.691,382.238,0,-55.3126,-34.9885,-621.319,30734,-113075,5444.77,-181.992,-49.4658,0
489,3,0.00678967,0.0310106,-0.0490213,-17.8255,-13.3051,0.462602,-271.415,363.626,0,-55.5368,-35.645,-622.323,30581.7,-113226,5562.94,-181.941,-49.1412,0
489,4,0.00810701,0.0376048,-0.0647692,-22.4472,-16.1386,0.319572,-249.171,346.573,0,-55.7739,-36.3135,-623.328,30433.6,-113378,5682.3,-181.892,-48.8243,0
490,0,0.00871711,0.0412762,-0.0787281,-25.831,-17.7201,0.0045345,-225.08,328.104,0,-56.0253,-36.9931,-624.331,30288.3,-113533,5803.04,-181.847,-48.5132,0
490,1,0.00797063,0.0391023,-0.0866811,-26.3598,-16.7963,-0.544343,-193.772,304.101,0,-56.2917,-37.6813,-625.322,30143.8,-113689,5924.83,-181.809,-48.2052,0
490,2,0.00501944,0.027213,-0.0825389,-21.8135,-11.7066,-1.38612,-141.832,264.282,0,-56.573,-38.3747,-626.3,29998.3,-113846,6046.6,-181.776,-47.8977,0
490,3,-0.00115434,0.000891013,-0.0582187,-9.38283,-0.426701,-2.56276,-7.32928,161.165,0,-56.8681,-39.0698,-627.268,29850.8,-114004,6166.92,-181.747,-47.5886,0
490,4,-0.0116529,-0.0450749,-0.00384658,14.1832,19.2807,-4.07784,5012.44,-3687.23,0,-57.1748,-39.7627,-628.238,29700.4,-114162,6284.52,-181.717,-47.2758,0
491,0,-0.0274964,-0.115675,0.0915193,52.2301,49.5593,-5.86739,-541.518,570.7,0,-57.491,-40.4482,-629.22,29547.2,-114319,6398.43,-181.684,-46.9584,0
491,1,-0.0493508,-0.214482,0.238409,107.573,91.9452,-7.76321,-385.662,451.214,0,-57.816,-41.1201,-630.223,29391.4,-114477,6508.07,-181.646,-46.6366,0
491,2,-0.0771281,-0.341859,0.444453,181.524,146.6,-9.45075,-329.843,408.42,0,-58.1497,-41.7719,-631.248,29234.3,-114637,6613.08,-181.603,-46.312,0
491,3,-0.109447,-0.492512,0.710657,272.502,211.26,-10.4261,-297.274,383.451,0,-58.4922,-42.3996,-632.29,29077,-114797,6713.4,-181.557,-45.9867,0
491,4,-0.142962,-0.652409,1.02629,374.231,279.913,-9.96046,-272.742,364.643,0,-58.8431,-43.0041,-633.339,28920,-114958,6809.68,-181.511,-45.6628,0
492,0,-0.17161,-0.795228,1.36246,473.564,341.276,-7.08515,-250.486,347.581,0,-59.2017,-43.5913,-634.383,28763.5,-115120,6903.35,-181.467,-45.3409,0
492,1,-0.18585,-0.878728,1.66461,548.13,377.235,-0.61498,-226.621,329.285,0,-59.5652,-44.1701,-635.411,28607.2,-115282,6996.12,-181.428,-45.0216,0
492,2,-0.172079,-0.841738,1.84495,564.158,361.551,10.766,-195.968,305.785,0,-59.9296,-44.7493,-636.422,28451.2,-115444,7089.44,-181.395,-44.705,0
492,3,-0.112443,-0.602855,1.77604,475.049,259.299,28.3281,-145.998,267.476,0,-60.2924,-45.3359,-637.413,28295.4,-115606,7184.3,-181.367,-44.391,0
492,4,0.0145965,-0.0623607,1.2879,221.553,27.6857,52.9993,-21.4968,172.027,0,-60.6542,-45.9361,-638.388,28139.2,-115767,7281.4,-181.342,-44.0786,0
493,0,0.232527,0.890641,0.171816,-265.288,-380.896,84.9191,2216.88,-1544.03,0,-61.0172,-46.5552,-639.351,27982.1,-115924,7381.08,-181.315,-43.7664,0
493,1,0.56335,2.36349,-1.80499,-1057.03,-1012.55,122.827,-560.971,585.614,0,-61.3834,-47.1958,-640.309,27823.5,-116078,7483.45,-181.285,-43.4533,0
493,2,1.02192,4.43507,-4.86892,-2214.89,-1901.2,163.29,-390.477,454.905,0,-61.7537,-47.8589,-641.267,27662.9,-116227,7588.46,-181.247,-43.138,0
493,3,1.6076,7.11845,-9.18829,-3769.45,-3052.57,199.805,-332.224,410.245,0,-62.1285,-48.545,-642.234,27500.2,-116373,7696.11,-181.201,-42.8196,0
493,4,2.29481,10.3189,-14.8093,-5697.33,-4426.8,222.429,-298.921,384.714,0,-62.5077,-49.2544,-643.222,27335.7,-116518,7806.51,-181.147,-42.498,0
494,0,3.0303,13.8231,-21.628,-7915.88,-5937.07,219.889,-274.509,366.002,0,-62.8912,-49.9856,-644.241,27169.7,-116662,7920,-181.084,-42.1733,0
494,1,3.74516,17.3532,-29.445,-10314,-7478.5,184.969,-253.982,350.282,0,-63.2768,-50.7363,-645.296,27002.2,-116807,8037.44,-181.013,-41.8446,0
494,2,4.37618,20.6524,-38.0596,-12798.3,-8968.81,119.358,-235.652,336.271,0,-63.6603,-51.5049,-646.388,26832.2,-116954,8160.15,-180.934,-41.5109,0
494,3,4.88037,23.5395,-47.3231,-15315.5,-10367.4,33.2823,-219.077,323.636,0,-64.0376,-52.2897,-647.518,26659.7,-117104,8289.43,-180.851,-41.1722,0
494,4,5.23668,25.9201,-57.1426,-17847.4,-11669.2,-59.3923,-204.212,312.331,0,-64.406,-53.0879,-648.681,26485.7,-117260,8426.08,-180.766,-40.8301,0
495,0,5.44199,27.7804,-67.4697,-20397.7,-12890.6,-146.461,-191.057,302.324,0,-64.7642,-53.8971,-649.873,26311.7,-117421,8569.98,-180.683,-40.4875,0
495,1,5.50842,29.1726,-78.284,-22980.1,-14058.5,-220.494,-179.583,293.548,0,-65.1115,-54.7173,-651.084,26139.3,-117589,8720.06,-180.605,-40.1473,0
495,2,5.46039,30.1925,-89.5718,-25609.4,-15201.8,-279.301,-169.716,285.91,0,-65.448,-55.5501,-652.307,25969.6,-117764,8874.8,-180.534,-39.8119,0
495,3,5.32839,30.9508,-101.307,-28296.1,-16345.3,-324.213,-161.344,279.309,0,-65.7749,-56.3976,-653.545,25803.4,-117947,9032.95,-180.473,-39.4822,0
495,4,5.14087,31.5431,-113.44,-31041.1,-17504.9,-357.365,-154.311,273.635,0,-66.093,-57.2612,-654.805,25640.7,-118139,9193.79,-180.419,-39.1577,0
496,0,4.91858,32.0268,-125.882,-33833.3,-18686.1,-379.321,-148.442,268.771,0,-66.4032,-58.142,-656.103,25480.9,-118342,9356.73,-180.371,-38.8368,0
496,1,4.67355,32.4091,-138.507,-36649.6,-19884.8,-387.654,-143.566,264.605,0,-66.7075,-59.0413,-657.45,25323.4,-118555,9521.23,-180.326,-38.5177,0
496,2,4.41031,32.6489,-151.161,-39458.3,-21090.9,-376.537,-139.526,261.035,0,-67.0086,-59.9601,-658.847,25167.6,-118780,9686.77,-180.285,-38.1995,0
496,3,4.12723,32.67,-163.688,-42225,-22291.1,-337.379,-136.181,257.961,0,-67.3083,-60.8974,-660.289,25013,-119016,9853,-180.248,-37.882,0
496,4,3.81836,32.3814,-175.95,-44918.4,-23471.9,-260.379,-133.401,255.291,0,-67.6071,-61.8477,-661.768,24859.6,-119261,10019.7,-180.216,-37.5654,0
497,0,3.4765,31.6977,-187.843,-47514.5,-24620.8,-136.373,-131.071,252.947,0,-67.9058,-62.803,-663.278,24707.1,-119514,10186.7,-180.187,-37.25,0
497,1,3.09742,30.5534,-199.306,-49998.3,-25729.2,41.4456,-129.094,250.862,0,-68.2065,-63.7561,-664.819,24555.6,-119772,10354,-180.157,-36.9358,0
497,2,2.68369,28.909,-210.319,-52364.6,-26793,276.075,-127.392,248.977,0,-68.5107,-64.7018,-666.395,24404.7,-120033,10521.2,-180.123,-36.622,0
497,3,2.24592,26.7505,-220.899,-54616.7,-27812.8,566.18,-125.907,247.247,0,-68.8173,-65.6368,-668.007,24254.3,-120297,10688.2,-180.083,-36.3085,0
497,4,1.80163,24.0842,-231.09,-56764.4,-28792.6,906.877,-124.595,245.638,0,-69.1237,-66.5595,-669.652,24104.1,-120562,10854.3,-180.036,-35.995,0
498,0,1.37403,20.9312,-240.944,-58821.1,-29737.3,1290.97,-123.42,244.128,0,-69.426,-67.469,-671.324,23954.1,-120828,11019.2,-179.985,-35.6819,0
498,1,0.990182,17.3216,-250.518,-60802.4,-30652.3,1709.99,-122.356,242.707,0,-69.7201,-68.3639,-673.013,23803.9,-121096,11182.7,-179.931,-35.3692,0
498,2,0.677317,13.2886,-259.875,-62724.9,-31542.6,2155.18,-121.376,241.366,0,-70.0015,-69.2418,-674.711,23652.9,-121364,11344.2,-179.876,-35.0563,0
498,3,0.457868,8.86424,-269.085,-64606.5,-32413.2,2618.55,-120.457,240.097,0,-70.2671,-70.1001,-676.413,23500.1,-121633,11502.8,-179.821,-34.7423,0
498,4,0.345593,4.07919,-278.22,-66465.4,-33269.6,3093.55,-119.58,238.895,0,-70.516,-70.9363,-678.117,23345,-121902,11658.2,-179.766,-34.4263,0
499,0,0.344615,-1.03549,-287.349,-68318.5,-34119.1,3575.7,-118.738,237.755,0,-70.7508,-71.7499,-679.827,23187.4,-122171,11810.2,-179.71,-34.1078,0
499,1,0.451109,-6.44573,-296.531,-70180.3,-34970.1,4062.99,-117.93,236.671,0,-70.9767,-72.5427,-681.549,23027.3,-122440,11958.7,-179.649,-33.7867,0
499,2,0.654734,-12.113,-305.82,-72062.7,-35831,4555.78,-117.164,235.638,0,-71.1987,-73.3191,-683.285,22865.3,-122707,12103.7,-179.584,-33.4638,0
499,3,0.938689,-17.9937,-315.262,-73975.1,-36709,5056.21,-116.439,234.646,0,-71.4215,-74.0844,-685.033,22701.8,-122972,12246,-179.513,-33.1398,0
499,4,1.28021,-24.0403,-324.902,-75923.7,-37609,5567.47,-115.755,233.682,0,-71.6493,-74.8445,-686.782,22537,-123235,12386.4,-179.439,-32.8154,0
500,0,1.65208,-30.2016,-334.786,-77911,-38534.6,6093.37,-115.102,232.719,0,-71.8853,-75.6043,-688.527,22370.8,-123496,12525.8,-179.363,-32.4908,0
500,1,2.02438,-36.4252,-344.955,-79936.1,-39487.8,6637.71,-114.472,231.729,0,-72.1304,-76.3668,-690.259,22203.1,-123754,12665.3,-179.286,-32.1664,0
500,2,2.36672,-42.6581,-355.443,-81997.3,-40469.1,7203.33,-113.855,230.691,0,-72.3831,-77.1334,-691.967,22033.9,-124006,12805.6,-179.209,-31.8425,0
500,3,2.65103,-48.8485,-366.254,-84092.5,-41478.1,7791.55,-113.249,229.602,0,-72.6382,-77.904,-693.638,21863.4,-124250,12947.8,-179.129,-31.5199,0
500,4,2.85366,-54.9466,-377.369,-86218.8,-42513.1,8402.32,-112.656,228.473,0,-72.889,-78.6779,-695.258,21691.9,-124483,13092.9,-179.045,-31.1998,0
501,0,2.95649,-60.9054,-388.748,-88371.9,-43571.9,9034.85,-112.083,227.325,0,-73.1298,-79.4544,-696.814,21520,-124701,13242,-178.958,-30.8834,0
501,1,2.94764,-66.6809,-400.341,-90547,-44653.2,9687.7,-111.538,226.174,0,-73.3566,-80.2335,-698.302,21348,-124905,13395.2,-178.869,-30.5713,0
501,2,2.82193,-72.2299,-412.106,-92739.8,-45757.1,10358.1,-111.032,225.039,0,-73.5686,-81.0162,-699.721,21175.6,-125094,13551.9,-178.777,-30.2629,0
501,3,2.5807,-77.5085,-424.012,-94948.5,-46885.3,11041.2,-110.576,223.929,0,-73.7668,-81.8046,-701.074,21002.3,-125269,13710.3,-178.682,-29.9573,0
501,4,2.23023,-82.472,-436.043,-97172.5,-48040.2,11730.6,-110.173,222.85,0,-73.954,-82.6016,-702.358,20827,-125430,13868.5,-178.584,-29.653,0
502,0,1.77929,-87.0756,-448.2,-99410.9,-49224.5,12418.6,-109.827,221.8,0,-74.1339,-83.4091,-703.567,20649.3,-125576,14025.1,-178.485,-29.3495,0
502,1,1.23733,-91.2747,-460.485,-101663,-50440.1,13096.3,-109.537,220.773,0,-74.3115,-84.2266,-704.691,20469.1,-125708,14179.4,-178.388,-29.0469,0
502,2,0.613974,-95.0267,-472.895,-103926,-51686.8,13754.6,-109.299,219.765,0,-74.4921,-85.0517,-705.718,20286.6,-125825,14331.5,-178.294,-28.7461,0
502,3,-0.0807341,-98.294,-485.408,-106195,-52961.5,14384.3,-109.107,218.774,0,-74.679,-85.8813,-706.636,20102.2,-125928,14482.1,-178.208,-28.4478,0
502,4,-0.836647,-101.049,-497.99,-108460,-54259.2,14977.3,-108.956,217.795,0,-74.8714,-86.7132,-707.437,19915.9,-126016,14632,-178.131,-28.1522,0
503,0,-1.64418,-103.281,-510.596,-110708,-55573.9,15528.1,-108.841,216.822,0,-75.067,-87.5459,-708.117,19727.5,-126091,14782.4,-178.065,-27.859,0
503,1,-2.49485,-105.003,-523.175,-112928,-56899,16033.8,-108.757,215.851,0,-75.2634,-88.3779,-708.671,19536.8,-126151,14934.6,-178.01,-27.5682,0
503,2,-3.38182,-106.248,-535.67,-115107,-58226.5,16493.6,-108.699,214.885,0,-75.4586,-89.2096,-709.099,19344,-126195,15089.6,-177.965,-27.2797,0
503,3,-4.30014,-107.072,-548.015,-117235,-59546.6,16908.6,-108.659,213.927,0,-75.6492,-90.0434,-709.41,19149.2,-126224,15248.3,-177.928,-26.9931,0
503,4,-5.24614,-107.542,-560.14,-119303,-60848.3,17282.4,-108.631,212.987,0,-75.8303,-90.8825,-709.622,18952.1,-126238,15411.6,-177.894,-26.7074,0
504,0,-6.21631,-107.737,-571.967,-121299,-62120.7,17620.9,-108.609,212.074,0,-75.9969,-91.7307,-709.758,18752.4,-126236,15579.9,-177.857,-26.4209,0
504,1,-7.20673,-107.736,-583.407,-123212,-63353.7,17931.9,-108.593,211.194,0,-76.1451,-92.5923,-709.84,18550.2,-126218,15752.7,-177.811,-26.1329,0
504,2,-8.21371,-107.621,-594.371,-125028,-64538.5,18223.2,-108.583,210.353,0,-76.2728,-93.4712,-709.88,18346.2,-126183,15928.7,-177.753,-25.8441,0
504,3,-9.23556,-107.465,-604.776,-126732,-65666.3,18501.7,-108.58,209.553,0,-76.38,-94.3683,-709.872,18141.6,-126133,16105.9,-177.684,-25.5562,0
504,4,-10.2745,-107.328,-614.555,-128314,-66728.4,18772.6,-108.58,208.792,0,-76.4695,-95.2815,-709.798,17937.7,-126066,16282.9,-177.608,-25.2716,0
505,0,-11.337,-107.259,-623.658,-129764,-67717.5,19040.3,-108.581,208.069,0,-76.5458,-96.2078,-709.637,17735.9,-125982,16459,-177.53,-24.9929,0
505,1,-12.4327,-107.293,-632.047,-131075,-68629.4,19308.1,-108.583,207.382,0,-76.6139,-97.1429,-709.374,17536.8,-125879,16634.2,-177.451,-24.7215,0
505,2,-13.5737,-107.453,-639.7,-132244,-69463,19579,-108.587,206.729,0,-76.6775,-98.0818,-709.002,17340.4,-125757,16809.4,-177.372,-24.4575,0
505,3,-14.7734,-107.75,-646.606,-133269,-70219.5,19855.3,-108.597,206.105,0,-76.7379,-99.0212,-708.517,17145,-125615,16985.3,-177.293,-24.1984,0
505,4,-16.0466,-108.178,-652.769,-134150,-70901.4,20138.9,-108.616,205.509,0,-76.7946,-99.96,-707.918,16948.4,-125454,17162.5,-177.215,-23.9411,0
506,0,-17.4079,-108.717,-658.205,-134893,-71511.3,20431,-108.646,204.941,0,-76.8463,-100.898,-707.201,16748.7,-125273,17341.2,-177.139,-23.683,0
506,1,-18.8687,-109.34,-662.935,-135505,-72051.4,20731.9,-108.685,204.401,0,-76.8907,-101.835,-706.364,16545.2,-125073,17521.2,-177.066,-23.423,0
506,2,-20.4348,-110.015,-666.992,-135993,-72524.7,21040.3,-108.734,203.89,0,-76.9247,-102.768,-705.41,16338,-124854,17701.9,-176.994,-23.161,0
506,3,-22.1044,-110.705,-670.422,-136369,-72935.2,21354.3,-108.79,203.407,0,-76.946,-103.697,-704.346,16127.3,-124614,17882.3,-176.921,-22.8968,0
506,4,-23.8697,-111.379,-673.285,-136642,-73288.6,21670.7,-108.852,202.949,0,-76.9535,-104.619,-703.181,15912.7,-124354,18061.6,-176.845,-22.6296,0
507,0,-25.7197,-112.002,-675.644,-136826,-73591.6,21986.2,-108.921,202.512,0,-76.9468,-105.534,-701.916,15693.8,-124073,18239.4,-176.763,-22.3585,0
507,1,-27.6415,-112.546,-677.564,-136931,-73851.6,22297.2,-108.996,202.093,0,-76.9251,-106.44,-700.546,15470.6,-123770,18415.8,-176.677,-22.0836,0
507,2,-29.6208,-112.99,-679.106,-136967,-74076.2,22599.7,-109.079,201.688,0,-76.8881,-107.34,-699.062,15243.9,-123447,18590.9,-176.59,-21.8063,0
507,3,-31.6427,-113.317,-680.336,-136946,-74272.6,22890.5,-109.171,201.292,0,-76.8364,-108.233,-697.454,15015.2,-123106,18764.6,-176.507,-21.5286,0
507,4,-33.6905,-113.514,-681.318,-136877,-74446.6,23166.9,-109.269,200.901,0,-76.7716,-109.121,-695.718,14785.4,-122748,18937.3,-176.434,-21.2521,0
508,0,-35.7461,-113.578,-682.115,-136770,-74602.6,23428.4,-109.369,200.509,0,-76.6952,-110.002,-693.856,14555.1,-122376,19109.5,-176.372,-20.9771,0
508,1,-37.792,-113.513,-682.786,-136635,-74743.8,23676,-109.469,200.115,0,-76.6088,-110.875,-691.881,14323.9,-121990,19282,-176.317,-20.7028,0
508,2,-39.8144,-113.327,-683.379,-136482,-74873.8,23912.5,-109.564,199.716,0,-76.5151,-111.74,-689.809,14091.4,-121590,19454.8,-176.266,-20.428,0
508,3,-41.8039,-113.036,-683.934,-136317,-74997.8,24141.8,-109.656,199.313,0,-76.4165,-112.601,-687.658,13857.9,-121173,19627.6,-176.211,-20.1523,0
508,4,-43.7549,-112.661,-684.482,-136148,-75121.6,24367.9,-109.75,198.906,0,-76.3151,-113.461,-685.441,13624,-120740,19800.3,-176.149,-19.8762,0
509,0,-45.6655,-112.223,-685.044,-135977,-75250.8,24594.2,-109.848,198.494,0,-76.2114,-114.324,-683.164,13390.6,-120289,19973.3,-176.076,-19.6008,0
509,1,-47.5359,-111.746,-685.634,-135806,-75388.9,24822.6,-109.955,198.074,0,-76.1056,-115.198,-680.818,13158.2,-119819,20147.6,-175.992,-19.3271,0
509,2,-49.3663,-111.252,-686.268,-135637,-75537.4,25053.3,-110.07,197.644,0,-75.9968,-116.087,-678.38,12927.4,-119328,20323.9,-175.902,-19.0563,0
509,3,-51.1549,-110.763,-686.96,-135472,-75696.5,25285.4,-110.19,197.205,0,-75.8824,-116.991,-675.819,12698.1,-118816,20502.4,-175.811,-18.7892,0
509,4,-52.8961,-110.296,-687.725,-135314,-75865.3,25517.7,-110.313,196.757,0,-75.7574,-117.91,-673.106,12470.1,-118282,20682.7,-175.726,-18.5262,0
510,0,-54.5802,-109.868,-688.573,-135170,-76043.1,25749.7,-110.436,196.305,0,-75.616,-118.841,-670.226,12243,-117727,20863.8,-175.653,-18.267,0
510,1,-56.1959,-109.492,-689.505,-135045,-76229.2,25982.1,-110.557,195.858,0,-75.4527,-119.778,-667.183,12016.4,-117151,21044.2,-175.59,-18.0107,0
510,2,-57.7321,-109.178,-690.513,-134941,-76423.1,26216.1,-110.676,195.422,0,-75.2629,-120.717,-663.989,11789.4,-116553,21221.9,-175.535,-17.7554,0
510,3,-59.1807,-108.934,-691.589,-134861,-76624.3,26452.8,-110.794,195.001,0,-75.0447,-121.653,-660.659,11560.8,-115936,21395.8,-175.485,-17.4989,0
510,4,-60.5373,-108.766,-692.728,-134799,-76832.2,26692.3,-110.913,194.592,0,-74.7985,-122.577,-657.206,11329.8,-115299,21564.8,-175.438,-17.2393,0
511,0,-61.8029,-108.679,-693.927,-134752,-77046.6,26934.3,-111.03,194.188,0,-74.5266,-123.478,-653.641,11096.6,-114643,21728.1,-175.391,-16.9766,0
511,1,-62.9829,-108.678,-695.197,-134717,-77268.1,27178.1,-111.146,193.782,0,-74.2313,-124.347,-649.975,10862.1,-113968,21884.5,-175.342,-16.7116,0
511,2,-64.0861,-108.769,-696.556,-134692,-77498.8,27423.8,-111.26,193.369,0,-73.9144,-125.177,-646.207,10627.5,-113272,22033.1,-175.288,-16.446,0
511,3,-65.1237,-108.955,-698.03,-134680,-77742.4,27671.9,-111.374,192.943,0,-73.5776,-125.966,-642.324,10393.9,-112555,22173.5,-175.231,-16.1817,0
511,4,-66.1092,-109.241,-699.654,-134684,-78003.3,27924.7,-111.488,192.5,0,-73.222,-126.712,-638.309,10162.8,-111815,22305.6,-175.174,-15.9215,0
512,0,-67.0604,-109.635,-701.468,-134708,-78285.3,28185.4,-111.602,192.038,0,-72.8466,-127.414,-634.149,9935.33,-111052,22429.9,-175.12,-15.6672,0
512,1,-68.0002,-110.146,-703.507,-134760,-78591.4,28457.5,-111.714,191.555,0,-72.4486,-128.069,-629.839,9711.55,-110266,22547.1,-175.07,-15.4191,0
512,2,-68.9537,-110.782,-705.795,-134844,-78923.2,28742.9,-111.822,191.053,0,-72.0242,-128.678,-625.378,9490.75,-109457,22658,-175.025,-15.176,0
512,3,-69.9423,-111.548,-708.338,-134960,-79280.6,29041.9,-111.925,190.531,0,-71.5699,-129.245,-620.76,9272.4,-108624,22763.4,-174.985,-14.9372,0
512,4,-70.9779,-112.441,-711.128,-135106,-79662.2,29352.6,-112.022,189.988,0,-71.0842,-129.773,-615.979,9056.68,-107766,22864.4,-174.95,-14.7029,0
513,0,-72.0616,-113.447,-714.142,-135274,-80065.6,29671.4,-112.114,189.422,0,-70.5665,-130.268,-611.03,8843.64,-106881,22961.3,-174.92,-14.4733,0
513,1,-73.1831,-114.546,-717.348,-135459,-80487.4,29993.6,-112.201,188.833,0,-70.0161,-130.734,-605.913,8632.33,-105970,23053.7,-174.893,-14.2468,0
513,2,-74.3229,-115.715,-720.715,-135656,-80923.4,30314,-112.282,188.224,0,-69.4297,-131.169,-600.636,8421.02,-105031,23140.5,-174.866,-14.0202,0
513,3,-75.4538,-116.928,-724.206,-135861,-81369.1,30627.6,-112.356,187.601,0,-68.8028,-131.569,-595.216,8208.15,-104064,23220.4,-174.834,-13.7902,0
513,4,-76.5449,-118.162,-727.784,-136073,-81819.3,30929.9,-112.422,186.969,0,-68.1312,-131.93,-589.676,7992.53,-103070,23292.4,-174.79,-13.5541,0
514,0,-77.5662,-119.399,-731.414,-136287,-82268.9,31217.2,-112.479,186.334,0,-67.4125,-132.247,-584.03,7773.28,-102050,23354.6,-174.734,-13.3097,0
514,1,-78.4938,-120.623,-735.065,-136501,-82713.4,31486.4,-112.525,185.699,0,-66.6467,-132.509,-578.286,7550.48,-101008,23404.6,-174.668,-13.0566,0
514,2,-79.3112,-121.819,-738.71,-136714,-83149.3,31734.8,-112.56,185.071,0,-65.8341,-132.702,-572.439,7325.81,-99946.6,23439.3,-174.598,-12.7975,0
514,3,-80.0087,-122.974,-742.327,-136928,-83573.5,31959.7,-112.583,184.458,0,-64.9756,-132.813,-566.483,7102.16,-98867.9,23456.5,-174.529,-12.5373,0
514,4,-80.5815,-124.068,-745.891,-137144,-83983.7,32159.5,-112.595,183.866,0,-64.0735,-132.833,-560.412,6882.47,-97774.1,23455.1,-174.468,-12.2811,0
515,0,-81.0294,-125.083,-749.379,-137363,-84378.4,32333.2,-112.598,183.302,0,-63.1321,-132.759,-554.223,6669.12,-96666.6,23435.1,-174.418,-12.0333,0
515,1,-81.3574,-125.996,-752.773,-137584,-84756.4,32480.9,-112.592,182.769,0,-62.1576,-132.594,-547.908,6463.72,-95544.8,23397.7,-174.381,-11.7971,0
515,2,-81.5753,-126.783,-756.062,-137806,-85116.8,32602.3,-112.579,182.268,0,-61.1545,-132.344,-541.45,6267.09,-94406.5,23345.3,-174.359,-11.5746,0
515,3,-81.6959,-127.427,-759.244,-138025,-85458.8,32697,-112.558,181.792,0,-60.1242,-132.019,-534.828,6079.2,-93248.2,23280.7,-174.352,-11.3667,0
515,4,-81.7336,-127.913,-762.327,-138237,-85782.5,32764.8,-112.527,181.336,0,-59.0641,-131.626,-528.026,5899.56,-92067.1,23205.7,-174.361,-11.1729,0
516,0,-81.7021,-128.23,-765.323,-138439,-86089,32806.9,-112.487,180.89,0,-57.9708,-131.165,-521.044,5727.22,-90861.6,23120.1,-174.384,-10.9918,0
516,1,-81.6143,-128.375,-768.248,-138630,-86380.8,32825,-112.439,180.45,0,-56.8437,-130.63,-513.887,5560.48,-89630.9,23022.3,-174.418,-10.8204,0
516,2,-81.4814,-128.352,-771.12,-138810,-86662,32821.9,-112.385,180.011,0,-55.6847,-130.023,-506.563,5397.13,-88373.8,22912.5,-174.458,-10.6544,0
516,3,-81.3124,-128.175,-773.956,-138980,-86938,32800.7,-112.329,179.571,0,-54.4961,-129.359,-499.072,5235.26,-87087.8,22792.7,-174.5,-10.49,0
516,4,-81.1137,-127.864,-776.775,-139137,-87214.1,32764.8,-112.277,179.121,0,-53.2799,-128.65,-491.405,5073.58,-85770.2,22664.3,-174.541,-10.3246,0
517,0,-80.8891,-127.446,-779.59,-139277,-87494.4,32717.3,-112.231,178.654,0,-52.0403,-127.895,-483.548,4911.42,-84418.4,22526.9,-174.581,-10.157,0
517,1,-80.6399,-126.95,-782.411,-139399,-87779.9,32661.5,-112.191,178.166,0,-50.7833,-127.089,-475.485,4748.54,-83031.1,22380.2,-174.624,-9.98671,0
517,2,-80.3652,-126.409,-785.238,-139506,-88068.7,32600.6,-112.155,177.66,0,-49.5152,-126.234,-467.212,4584.86,-81607.9,22224.7,-174.67,-9.81323,0
517,3,-80.0619,-125.856,-788.055,-139600,-88356.9,32537.4,-112.12,177.145,0,-48.2405,-125.34,-458.733,4420.29,-80149.1,22062.9,-174.718,-9.63586,0
517,4,-79.725,-125.325,-790.837,-139686,-88640.2,32474.4,-112.084,176.63,0,-46.9617,-124.424,-450.063,4255.16,-78655.6,21897.8,-174.766,-9.45459,0
518,0,-79.3462,-124.84,-793.554,-139767,-88915.2,32414,-112.047,176.128,0,-45.6794,-123.493,-441.215,4090.43,-77128.9,21731.8,-174.81,-9.27082,0
518,1,-78.9126,-124.419,-796.18,-139846,-89179.7,32358.2,-112.01,175.646,0,-44.3939,-122.549,-432.201,3927.05,-75571,21565.3,-174.851,-9.08616,0
518,2,-78.4091,-124.067,-798.695,-139919,-89432.1,32307.7,-111.973,175.184,0,-43.1061,-121.583,-423.03,3765.58,-73984.6,21397,-174.892,-8.90145,0
518,3,-77.8226,-123.778,-801.09,-139982,-89671.2,32261.7,-111.936,174.739,0,-41.8169,-120.585,-413.708,3605.99,-72373.1,21224.8,-174.938,-8.71626,0
518,4,-77.1458,-123.542,-803.361,-140028,-89895.5,32218.1,-111.899,174.303,0,-40.5266,-119.548,-404.241,3447.72,-70739.8,21046.5,-174.994,-8.52886,0
519,0,-76.3761,-123.344,-805.499,-140054,-90102.7,32173.5,-111.859,173.873,0,-39.2361,-118.467,-394.641,3289.96,-69087.6,20859.7,-175.064,-8.33658,0
519,1,-75.5126,-123.166,-807.493,-140057,-90290.2,32123.6,-111.815,173.447,0,-37.9479,-117.329,-384.926,3131.89,-67418.4,20662.6,-175.146,-8.13633,0
519,2,-74.5556,-122.987,-809.328,-140034,-90455.9,32063.5,-111.767,173.025,0,-36.6645,-116.121,-375.117,2972.55,-65734.3,20453.5,-175.237,-7.92433,0
519,3,-73.5082,-122.789,-810.988,-139983,-90598.3,31988.9,-111.713,172.608,0,-35.3877,-114.829,-365.233,2810.89,-64038.5,20230.3,-175.336,-7.69617,0
519,4,-72.3787,-122.555,-812.465,-139900,-90716.6,31896.4,-111.656,172.192,0,-34.1192,-113.444,-355.287,2646.33,-62334.9,19991.6,-175.449,-7.44842,0
520,0,-71.181,-122.271,-813.757,-139784,-90810.3,31783.5,-111.594,171.776,0,-32.8611,-111.961,-345.289,2479.31,-60626.9,19736.6,-175.583,-7.18039,0
520,1,-69.9322,-121.925,-814.864,-139638,-90879.8,31649,-111.527,171.363,0,-31.6168,-110.381,-335.25,2311.32,-58917.2,19465.3,-175.741,-6.89431,0
520,2,-68.6489,-121.507,-815.789,-139462,-90926.1,31493.2,-111.458,170.953,0,-30.3909,-108.709,-325.176,2144.29,-57207.9,19177.8,-175.929,-6.59423,0
520,3,-67.3457,-121.016,-816.53,-139258,-90950.4,31318.1,-111.387,170.549,0,-29.1895,-106.946,-315.075,1979.96,-55501.5,18874.2,-176.153,-6.28407,0
520,4,-66.0349,-120.452,-817.087,-139024,-90954.7,31126.5,-111.316,170.146,0,-28.019,-105.094,-304.957,1819.3,-53801.1,18554.6,-176.422,-5.96576,0
521,0,-64.7289,-119.821,-817.464,-138760,-90941.2,30922.3,-111.248,169.744,0,-26.8831,-103.153,-294.836,1662.5,-52110,18219.2,-176.742,-5.63874,0
521,1,-63.4398,-119.132,-817.669,-138463,-90911.7,30708.9,-111.184,169.338,0,-25.782,-101.119,-284.734,1509.27,-50431.6,17868.2,-177.118,-5.30063,0
521,2,-62.1781,-118.398,-817.716,-138136,-90867.9,30489.2,-111.124,168.929,0,-24.7139,-98.9796,-274.68,1359.1,-48769.9,17501,-177.552,-4.94795,0
521,3,-60.9514,-117.628,-817.62,-137784,-90811.7,30265.7,-111.068,168.518,0,-23.6749,-96.72,-264.711,1211.34,-47129.9,17115.8,-178.043,-4.57608,0
521,4,-59.7655,-116.832,-817.393,-137412,-90745.7,30040.2,-111.018,168.11,0,-22.6605,-94.324,-254.873,1065.32,-45517.4,16710.3,-178.588,-4.17981,0
522,0,-58.6257,-116.013,-817.047,-137028,-90672.3,29813.4,-110.976,167.711,0,-21.6662,-91.7756,-245.212,920.743,-43938.2,16281.7,-179.184,-3.75488,0
522,1,-57.5358,-115.174,-816.596,-136638,-90593.8,29584.9,-110.941,167.326,0,-20.688,-89.0619,-235.77,777.802,-42397.6,15827.6,-179.826,-3.29898,0
522,2,-56.4965,-114.314,-816.059,-136244,-90512.2,29354.5,-110.914,166.954,0,-19.7237,-86.1777,-226.573,636.866,-40898.5,15346.6,-180.509,-2.81086,0
522,3,-55.5038,-113.429,-815.454,-135847,-90428.6,29122.4,-110.894,166.59,0,-18.7746,-83.1265,-217.629,498.186,-39441.8,14838.8,-181.234,-2.28915,0
522,4,-54.5492,-112.517,-814.801,-135445,-90343.5,28889.4,-110.878,166.231,0,-17.8442,-79.9169,-208.935,361.675,-38026,14305.2,-181.999,-1.73104,0
523,0,-53.6205,-111.579,-814.11,-135039,-90257.3,28657.6,-110.866,165.873,0,-16.9359,-76.5624,-200.488,226.794,-36648.7,13748,-182.798,-1.13121,0
523,1,-52.7036,-110.613,-813.386,-134629,-90171,28429.1,-110.859,165.517,0,-16.0518,-73.0851,-192.289,93.0398,-35307.4,13171.2,-183.617,-0.483854,0
523,2,-51.7855,-109.624,-812.635,-134215,-90084.8,28204.9,-110.855,165.16,0,-15.1945,-69.5131,-184.347,-39.2449,-34000.4,12579.7,-184.437,0.212887,0
523,3,-50.8566,-108.616,-811.862,-133794,-89998.4,27984.7,-110.854,164.799,0,-14.3673,-65.8762,-176.668,-168.936,-32726.7,11978.1,-185.244,0.956236,0
523,4,-49.912,-107.596,-811.075,-133366,-89911.4,27767,-110.855,164.431,0,-13.5746,-62.2041,-169.254,-294.966,-31486.3,11371.4,-186.029,1.74274,0
524,0,-48.951,-106.57,-810.272,-132931,-89824.4,27550.3,-110.857,164.058,0,-12.8215,-58.5269,-162.099,-416.742,-30279.9,10764.4,-186.799,2.57091,0
524,1,-47.9759,-105.544,-809.445,-132492,-89737.7,27333.5,-110.863,163.682,0,-12.1137,-54.8734,-155.188,-533.874,-29108.5,10161.3,-187.569,3.44017,0
524,2,-46.9898,-104.521,-808.589,-132048,-89650,27115.1,-110.872,163.306,0,-11.4554,-51.2694,-148.508,-645.607,-27972.6,9565.51,-188.357,4.34728,0
524,3,-45.9943,-103.504,-807.698,-131599,-89559.2,26893.8,-110.882,162.931,0,-10.848,-47.7389,-142.054,-750.417,-26872.2,8980.12,-189.168,5.2826,0
524,4,-44.99,-102.493,-806.77,-131143,-89463.3,26668.3,-110.891,162.554,0,-10.2924,-44.305,-135.827,-846.356,-25806,8408.28,-189.992,6.23114,0
525,0,-43.9779,-101.489,-805.799,-130678,-89361.3,26438.4,-110.898,162.172,0,-9.79019,-40.9899,-129.824,-932.02,-24773,7853.24,-190.821,7.17912,0
525,1,-42.9608,-100.496,-804.779,-130201,-89252.8,26204.6,-110.903,161.784,0,-9.34336,-37.8146,-124.033,-1007.03,-23772.3,7318.22,-191.662,8.11907,0
525,2,-41.9438,-99.5127,-803.702,-129711,-89137.2,25967.9,-110.908,161.392,0,-8.95172,-34.7943,-118.434,-1071.53,-22803.5,6805.77,-192.543,9.04749,0
525,3,-40.9347,-98.5401,-802.557,-129210,-89014.3,25730,-110.913,160.998,0,-8.6136,-31.9344,-113.008,-1125.59,-21866.3,6317.27,-193.493,9.96025,0
525,4,-39.9424,-97.5749,-801.343,-128702,-88884.2,25492.4,-110.919,160.609,0,-8.32679,-29.2292,-107.745,-1169.3,-20960.5,5853.17,-194.538,10.8524,0
526,0,-38.9748,-96.6117,-800.057,-128192,-88746.9,25256.4,-110.926,160.228,0,-8.08811,-26.6661,-102.645,-1203.07,-20086,5412.95,-195.684,11.7207,0
526,1,-38.038,-95.6443,-798.7,-127682,-88602.4,25022.9,-110.933,159.862,0,-7.89293,-24.2327,-97.7154,-1227.81,-19242.3,4995.5,-196.922,12.5652,0
526,2,-37.137,-94.6679,-797.271,-127175,-88451.1,24792.3,-110.942,159.512,0,-7.73617,-21.9223,-92.9583,-1244.71,-18428.1,4600.5,-198.241,13.39,0
526,3,-36.2756,-93.6787,-795.769,-126668,-88294,24564.7,-110.954,159.177,0,-7.61303,-19.7377,-88.3637,-1254.56,-17641.3,4229.4,-199.644,14.1977,0
526,4,-35.4565,-92.6743,-794.194,-126158,-88131.7,24339.9,-110.97,158.85,0,-7.51871,-17.6915,-83.9172,-1257.48,-16879.5,3884.84,-201.144,14.9848,0
527,0,-34.682,-91.6538,-792.545,-125638,-87964.5,24117.6,-110.99,158.525,0,-7.44831,-15.7993,-79.6077,-1253.36,-16140.7,3569.96,-202.753,15.7442,0
527,1,-33.9542,-90.6183,-790.82,-125104,-87793.3,23897.2,-111.016,158.196,0,-7.39732,-14.0727,-75.4286,-1242.17,-15423.2,3287.52,-204.474,16.4681,0
527,2,-33.2749,-89.5695,-789.016,-124555,-87619.7,23678.3,-111.049,157.861,0,-7.3608,-12.515,-71.3779,-1224.01,-14726,3038.35,-206.31,17.1483,0
527,3,-32.6451,-88.5089,-787.136,-123992,-87445.6,23460.8,-111.093,157.523,0,-7.33184,-11.1196,-67.4575,-1199.18,-14048.8,2820.65,-208.261,17.7768,0
527,4,-32.0657,-87.4366,-785.178,-123418,-87272.1,23244.4,-111.149,157.185,0,-7.30275,-9.86939,-63.6691,-1168.33,-13391.9,2630.6,-210.337,18.35,0
528,0,-31.5382,-86.3535,-783.143,-122838,-87098.7,23029.4,-111.217,156.852,0,-7.26794,-8.73968,-60.0106,-1132.37,-12755.9,2463.08,-212.561,18.8696,0
528,1,-31.064,-85.2614,-781.033,-122255,-86923.7,22816.4,-111.293,156.53,0,-7.22402,-7.70414,-56.4778,-1092.28,-12140.8,2312.43,-214.966,19.34,0
528,2,-30.6428,-84.1624,-778.848,-121670,-86745,22606.7,-111.376,156.218,0,-7.16778,-6.74087,-53.0671,-1048.86,-11546.1,2173.35,-217.575,19.7648,0
528,3,-30.2725,-83.0582,-776.589,-121082,-86560.9,22402,-111.463,155.915,0,-7.0955,-5.83568,-49.7718,-1002.74,-10969.3,2041.38,-220.392,20.1467,0
528,4,-29.95,-81.952,-774.255,-120485,-86369.6,22204.6,-111.552,155.615,0,-7.00221,-4.98165,-46.5705,-954.052,-10405.5,1912.72,-223.434,20.4862,0
529,0,-29.6722,-80.8497,-771.849,-119877,-86169.9,22016.6,-111.641,155.311,0,-6.87979,-4.17625,-43.4227,-902.277,-9846.63,1784.37,-226.762,20.7789,0
529,1,-29.4338,-79.7579,-769.375,-119251,-85961.2,21839,-111.729,154.997,0,-6.71686,-3.41911,-40.2728,-846.369,-9281.54,1654.19,-230.467,21.0159,0
529,2,-29.2267,-78.6803,-766.827,-118602,-85743.3,21671.1,-111.816,154.666,0,-6.50002,-2.71222,-37.0581,-785.243,-8694.9,1520.32,-234.629,21.1895,0
529,3,-29.0415,-77.6164,-764.193,-117925,-85516.1,21511.2,-111.904,154.314,0,-6.21311,-2.06137,-33.7172,-718.2,-8067.5,1380.86,-239.27,21.3007,0
529,4,-28.8702,-76.5654,-761.462,-117217,-85280.2,21358,-111.995,153.937,0,-5.83707,-1.47567,-30.1961,-645.115,-7378.02,1234.18,-244.337,21.3642,0
530,0,-28.7089,-75.5287,-758.63,-116478,-85036.9,21210.8,-112.093,153.537,0,-5.3543,-0.966274,-26.4585,-566.473,-6607.1,1079.24,-249.715,21.4099,0
530,1,-28.5588,-74.511,-755.697,-115712,-84788.2,21068.6,-112.199,153.12,0,-4.75528,-0.545413,-22.4997,-483.161,-5743.45,915.964,-255.268,21.4741,0
530,2,-28.424,-73.5176,-752.667,-114928,-84535.9,20930.6,-112.315,152.694,0,-4.04556,-0.223256,-18.3696,-396.426,-4792.7,746.378,-260.904,21.5805,0
530,3,-28.3092,-72.5542,-749.551,-114134,-84281.2,20796.2,-112.442,152.269,0,-3.25569,-0.00170568,-14.2077,-308.733,-3788.59,576.186,-266.657,21.7299,0
530,4,-28.2184,-71.6253,-746.359,-113334,-84024.8,20664.9,-112.579,151.849,0,-2.44719,0.129539,-10.2542,-224.721,-2797.79,415.069,-272.844,21.9151,0
531,0,-28.1543,-70.7337,-743.103,-112531,-83766.9,20536.7,-112.726,151.434,0,-1.69643,0.190224,-6.78146,-150.193,-1901.19,273.891,-280.352,22.1476,0
531,1,-28.119,-69.8803,-739.788,-111722,-83507.6,20411.3,-112.88,151.02,0,-1.06272,0.202458,-3.97705,-89.4548,-1159.24,160.098,-291.483,22.4927,0
531,2,-28.1134,-69.0661,-736.412,-110908,-83246.1,20289,-113.043,150.606,0,-0.571668,0.185354,-1.89049,-43.8682,-594.449,75.5844,-314.442,23.2047,0
531,3,-28.137,-68.2923,-732.98,-110087,-82981.6,20170.4,-113.211,150.19,0,-0.221178,0.153421,-0.465424,-12.4279,-198.846,17.9817,-427.236,26.7023,0
531,4,-28.1892,-67.5604,-729.5,-109259,-82713.7,20056.3,-113.384,149.772,0,0.00670648,0.116769,0.409409,7.13043,52.314,-17.2809,-127.779,17.4164,0
532,0,-28.2687,-66.8716,-725.984,-108422,-82442.8,19947.4,-113.56,149.346,0,0.136929,0.0817746,0.863584,17.5254,190.482,-35.4948,-220.571,20.2938,0
532,1,-28.3745,-66.2243,-722.445,-107576,-82169.4,19843.5,-113.738,148.905,0,0.195476,0.0519049,1.02175,21.4125,247.211,-41.7351,-241.948,20.9567,0
532,2,-28.5063,-65.6137,-718.894,-106717,-81893.8,19743.9,-113.916,148.445,0,0.205832,0.0285428,0.990871,21.0945,250.354,-40.3471,-252.66,21.2889,0
532,3,-28.6648,-65.0325,-715.338,-105844,-81615.8,19647.6,-114.094,147.963,0,0.187245,0.0117078,0.85498,18.3967,222.312,-34.7386,-260.021,21.5171,0
532,4,-28.8501,-64.4738,-711.784,-104959,-81334.7,19554.3,-114.269,147.459,0,0.154235,0.000632577,0.674914,14.6522,179.685,-27.3724,-266.233,21.7098,0
533,0,-29.0591,-63.933,-708.24,-104066,-81050.3,19464.5,-114.439,146.935,0,0.116867,-0.00581054,0.490919,10.7524,133.753,-19.8736,-272.455,21.9027,0
533,1,-29.2867,-63.4089,-704.718,-103169,-80763.3,19379.1,-114.604,146.398,0,0.0814485,-0.00882226,0.3266,7.22827,91.3978,-13.1928,-279.846,22.1319,0
533,2,-29.5287,-62.9023,-701.227,-102276,-80475.4,19299.1,-114.764,145.853,0,0.051374,-0.00950201,0.193186,4.34026,56.1486,-7.77872,-290.645,22.4668,0
533,3,-29.7835,-62.4144,-697.768,-101391,-80189.1,19225.2,-114.922,145.308,0,0.0279575,-0.00875996,0.0934469,2.16233,29.1878,-3.73847,-312.346,23.1397,0
533,4,-30.0516,-61.9452,-694.339,-100515,-79906.9,19157.7,-115.083,144.764,0,0.011161,-0.00728891,0.0249605,0.652322,10.2067,-0.96981,-408.914,26.1342,0
534,0,-30.3346,-61.4933,-690.935,-99648.4,-79631,19096.9,-115.251,144.223,0,0.000173108,-0.00557411,-0.0173918,-0.293633,-1.9234,0.737663,-110.592,16.8834,0
534,1,-30.634,-61.0562,-687.554,-98787.5,-79363.2,19042.4,-115.428,143.68,0,-0.00616502,-0.0039236,-0.0396687,-0.802503,-8.66829,1.63143,-218.517,20.2301,0
534,2,-30.9513,-60.6305,-684.198,-97930.2,-79104.2,18994,-115.616,143.131,0,-0.00907411,-0.00250685,-0.0477474,-0.9994,-11.5128,1.95079,-241.119,20.931,0
534,3,-31.2868,-60.212,-680.878,-97075.3,-78854.6,18951.3,-115.813,142.574,0,-0.00966483,-0.00139341,-0.0466995,-0.993452,-11.7756,1.90183,-252.158,21.2733,0
534,4,-31.6418,-59.7965,-677.604,-96222.6,-78614.7,18913.7,-116.019,142.004,0,-0.00885218,-0.000587107,-0.0405293,-0.871588,-10.5228,1.64693,-259.635,21.5051,0
535,0,-32.019,-59.3796,-674.387,-95373.4,-78384.9,18879.9,-116.231,141.422,0,-0.00732954,-5.35234e-005,-0.0321496,-0.697607,-8.54791,1.30402,-265.879,21.6988,0
535,1,-32.4211,-58.9583,-671.231,-94530.3,-78165.9,18848.5,-116.452,140.831,0,-0.00558023,0.000259643,-0.0234987,-0.514404,-6.39332,0.951393,-272.071,21.8908,0
535,2,-32.8494,-58.5313,-668.132,-93696,-77957.9,18818.6,-116.68,140.236,0,-0.00390916,0.000408742,-0.0157232,-0.347742,-4.39228,0.635219,-279.351,22.1165,0
535,3,-33.3035,-58.0993,-665.084,-92872.5,-77760.6,18790.5,-116.918,139.64,0,-0.00248231,0.000445735,-0.00937803,-0.210459,-2.71812,0.3777,-289.839,22.4417,0
535,4,-33.7821,-57.665,-662.078,-92060.3,-77572.3,18765.4,-117.165,139.047,0,-0.00136598,0.000413861,-0.00461179,-0.106437,-1.43148,0.184608,-310.397,23.0792,0
536,0,-34.2824,-57.2335,-659.11,-91257.6,-77390.8,18744.2,-117.417,138.456,0,-0.000561291,0.000346192,-0.00132159,-0.0339387,-0.521065,0.0515799,-394.27,25.6801,0
536,1,-34.8011,-56.8099,-656.169,-90459.5,-77213.7,18726.9,-117.674,137.86,0,-3.17122e-005,0.000266011,0.000727676,0.0117905,0.0645057,-0.0310546,-88.6462,16.2029,0
536,2,-35.3343,-56.3975,-653.243,-89659.6,-77038.6,18712.5,-117.933,137.253,0,0.000276551,0.000188196,0.00181915,0.0366768,0.39349,-0.0748629,-216.304,20.1615,0
536,3,-35.8781,-55.9958,-650.322,-88852.7,-76863.7,18699.5,-118.193,136.629,0,0.000420815,0.000121018,0.0022298,0.0466124,0.535726,-0.0911251,-240.257,20.9042,0
536,4,-36.4294,-55.6017,-647.397,-88036.9,-76687.7,18686,-118.455,135.986,0,0.000453588,6.7966e-005,0.00220006,0.0467675,0.553633,-0.0896106,-251.644,21.2573,0
537,0,-36.9858,-55.2097,-644.467,-87214.1,-76510,18670.4,-118.718,135.327,0,0.000418352,2.93602e-005,0.00192066,0.0412808,0.497921,-0.078056,-259.245,21.493,0
537,1,-37.5456,-54.8138,-641.536,-86387.6,-76330,18651.9,-118.98,134.657,0,0.000348215,3.66332e-006,0.00153103,0.0332046,0.406525,-0.0621065,-265.525,21.6878,0
537,2,-38.106,-54.4086,-638.613,-85560.2,-76147.4,18630,-119.239,133.978,0,0.000266374,-1.15479e-005,0.00112447,0.0246023,0.305509,-0.0455316,-271.692,21.879,0
537,3,-38.6632,-53.9895,-635.711,-84732.9,-75962,18604.6,-119.491,133.288,0,0.00018756,-1.89168e-005,0.000756654,0.0167232,0.211005,-0.0305733,-278.866,22.1015,0
537,4,-39.2127,-53.5529,-632.839,-83906.3,-75773.9,18576.1,-119.737,132.587,0,0.000119885,-2.08982e-005,0.000454966,0.0101993,0.131513,-0.018328,-289.061,22.4176,0
538,0,-39.7492,-53.0959,-630.004,-83081.8,-75583.5,18545.3,-119.973,131.875,0,6.66813e-005,-1.95459e-005,0.000227266,0.00523231,0.0701292,-0.00910233,-308.577,23.0228,0
538,1,-40.2671,-52.6181,-627.213,-82262.1,-75390.9,18512.7,-120.2,131.155,0,2.81418e-005,-1.64379e-005,6.92544e-005,0.00175274,0.0264754,-0.0027128,-382.292,25.3086,0
538,2,-40.7611,-52.1221,-624.467,-81450.7,-75197.4,18478.4,-120.418,130.432,0,2.62823e-006,-1.26912e-005,-2.98516e-005,-0.000456821,-0.00177998,0.0012843,-59.6276,15.3031,0
538,3,-41.2272,-51.6127,-621.763,-80649.6,-75005,18442.5,-120.633,129.711,0,-1.23542e-005,-9.02394e-006,-8.32736e-005,-0.00167274,-0.0178132,0.00342931,-213.912,20.0873,0
538,4,-41.6618,-51.0963,-619.091,-79859.5,-74815.9,18404.8,-120.848,128.995,0,-1.94954e-005,-5.83955e-006,-0.00010406,-0.00217241,-0.0249078,0.00425373,-239.359,20.8764,0
539,0,-42.0618,-50.5794,-616.44,-79080.1,-74630.9,18365.8,-121.067,128.285,0,-2.12769e-005,-3.31246e-006,-0.000103605,-0.00220068,-0.0260172,0.00422058,-251.118,21.2411,0
539,1,-42.4253,-50.0685,-613.804,-78311.4,-74449.3,18325,-121.292,127.584,0,-1.97644e-005,-1.46457e-006,-9.09911e-005,-0.00195456,-0.0235531,0.00369832,-258.851,21.4808,0
539,2,-42.7519,-49.5692,-611.189,-77554.3,-74270,18281.9,-121.517,126.891,0,-1.65384e-005,-2.27518e-007,-7.28902e-005,-0.00158002,-0.0193283,0.00295712,-265.17,21.6768,0
539,3,-43.0425,-49.0852,-608.606,-76809.4,-74091.9,18235.1,-121.74,126.206,0,-1.27118e-005,5.10855e-007,-5.37927e-005,-0.0011763,-0.0145948,0.0021784,-271.315,21.8673,0
539,4,-43.2984,-48.6177,-606.068,-76076.5,-73915.4,18183.2,-121.959,125.525,0,-8.99617e-006,8.74477e-007,-3.63992e-005,-0.00080394,-0.0101332,0.00147095,-278.391,22.0868,0
540,0,-43.5201,-48.1659,-603.578,-75354.5,-73742,18125,-122.175,124.846,0,-5.78727e-006,9.79283e-007,-2.2059e-005,-0.000493998,-0.00635987,0.00088883,-288.311,22.3944,0
540,1,-43.7068,-47.7285,-601.134,-74642.7,-73573.7,18059.8,-122.392,124.17,0,-3.25232e-006,9.22785e-007,-1.11842e-005,-0.0002569,-0.00343213,0.000448168,-306.875,22.97,0
540,2,-43.8568,-47.3039,-598.727,-73940.6,-73411.2,17988.2,-122.612,123.496,0,-1.40709e-006,7.80283e-007,-3.5982e-006,-8.99513e-005,-0.00133963,0.000141376,-372.306,24.999,0
540,3,-43.9687,-46.8894,-596.352,-73248.7,-73253.7,17910.4,-122.836,122.828,0,-1.7841e-007,6.05322e-007,1.19235e-006,1.67606e-005,2.31728e-005,-5.18704e-005,-19.4345,14.0567,0
540,4,-44.0418,-46.4816,-594.003,-72567.8,-73100,17826.2,-123.063,122.167,0,5.49291e-007,4.32558e-007,3.80453e-006,7.61164e-005,0.000803956,-0.000156793,-211.316,20.0068,0
541,0,-44.0764,-46.0767,-591.675,-71898.1,-72948.3,17734.8,-123.291,121.516,0,9.02194e-007,2.81656e-007,4.85281e-006,0.000101168,0.00115702,-0.000198425,-238.422,20.8474,0
541,1,-44.0732,-45.6723,-589.368,-71237.7,-72797.8,17635.6,-123.518,120.871,0,9.97532e-007,1.61314e-007,4.87694e-006,0.00010351,0.00122206,-0.000198704,-250.58,21.2244,0
541,2,-44.0326,-45.2673,-587.087,-70583.1,-72648.4,17528.7,-123.744,120.226,0,9.33416e-007,7.28902e-008,4.30936e-006,9.25153e-005,0.00111376,-0.000175174,-258.452,21.4685,0
541,3,-43.9542,-44.8615,-584.836,-69930.3,-72501.2,17415.1,-123.968,119.573,0,7.85266e-007,1.33607e-008,3.46925e-006,7.51638e-005,0.000918706,-0.00014076,-264.814,21.6658,0
541,4,-43.8374,-44.4547,-582.615,-69276.8,-72357.7,17296.4,-124.195,118.907,0,6.06463e-007,-2.24588e-008,2.5726e-006,5.62262e-005,0.000697025,-0.000104192,-270.942,21.8558,0
542,0,-43.6819,-44.0467,-580.42,-68622.5,-72218.6,17173.6,-124.425,118.229,0,4.31355e-007,-4.03756e-008,1.75035e-006,3.86343e-005,0.000486466,-7.07445e-005,-277.924,22.0723,0
542,1,-43.4878,-43.6368,-578.247,-67970,-72083.5,17047.2,-124.659,117.545,0,2.79248e-007,-4.58631e-008,1.06892e-006,2.39137e-005,0.000307407,-4.30794e-005,-287.587,22.3719,0
542,2,-43.2547,-43.2239,-576.103,-67322.8,-71950.8,16916.8,-124.892,116.859,0,1.585e-007,-4.35501e-008,5.49682e-007,1.2599e-005,0.000167805,-2.20372e-005,-305.277,22.9205,0
542,3,-42.9826,-42.8068,-574.001,-66683.6,-71819.2,16781.7,-125.12,116.173,0,7.01791e-008,-3.7028e-008,1.85611e-007,4.59142e-006,6.75347e-005,-7.31152e-006,-363.851,24.7368,0
542,4,-42.6727,-42.3844,-571.959,-66054.3,-71688.3,16641.9,-125.338,115.488,0,1.10316e-008,-2.88635e-008,-4.58416e-008,-5.59941e-007,1.83217e-006,2.02673e-006,39.9674,12.2147,0
543,0,-42.3283,-41.9559,-569.985,-65437,-71558.6,16497.6,-125.545,114.805,0,-2.42906e-008,-2.0728e-008,-1.7345e-007,-3.45496e-006,-3.6162e-005,7.15412e-006,-208.487,19.9191,0
543,1,-41.9536,-41.52,-568.085,-64834.1,-71430.5,16349.4,-125.739,114.127,0,-4.1703e-008,-1.35792e-008,-2.26139e-007,-4.70754e-006,-5.36954e-005,9.24918e-006,-237.444,20.817,0
543,2,-41.5535,-41.0754,-566.26,-64247.5,-71304.5,16197.4,-125.922,113.459,0,-4.67423e-008,-7.84998e-009,-2.29471e-007,-4.86646e-006,-5.73744e-005,9.351e-006,-250.029,21.2073,0
543,3,-41.1322,-40.6211,-564.502,-63677.9,-71180.2,16041.5,-126.094,112.804,0,-4.40668e-008,-3.62007e-009,-2.04028e-007,-4.37762e-006,-5.26492e-005,8.29466e-006,-258.048,21.4559,0
543,4,-40.6929,-40.1563,-562.802,-63123.4,-71056.9,15881.3,-126.256,112.159,0,-3.72746e-008,-7.56465e-010,-1.65075e-007,-3.57464e-006,-4.36553e-005,6.69839e-006,-264.458,21.6547,0
544,0,-40.2378,-39.68,-561.151,-62580.3,-70933.4,15716.3,-126.407,111.521,0,-2.89254e-008,9.80156e-010,-1.22997e-007,-2.68678e-006,-3.32795e-005,4.982e-006,-270.571,21.8443,0
544,1,-39.7693,-39.191,-559.54,-62045,-70809,15546.4,-126.549,110.886,0,-2.06764e-008,1.86177e-009,-8.41402e-008,-1.85597e-006,-2.33461e-005,3.40118e-006,-277.467,22.0581,0
544,2,-39.2913,-38.687,-557.958,-61515.3,-70684.9,15372.3,-126.685,110.251,0,-1.34684e-008,2.14668e-009,-5.17678e-008,-1.15702e-006,-1.48515e-005,2.08677e-006,-286.886,22.3502,0
544,3,-38.8086,-38.1658,-556.396,-60991.1,-70563.4,15195.3,-126.822,109.618,0,-7.71844e-009,2.05456e-009,-2.69832e-008,-6.1721e-007,-8.1968e-006,1.08226e-006,-303.774,22.8739,0
544,4,-38.3262,-37.6275,-554.858,-60473.4,-70446.8,15017.2,-126.964,108.989,0,-3.49225e-009,1.75663e-009,-9.5162e-009,-2.33259e-007,-3.39343e-006,3.75683e-007,-356.595,24.5118,0
545,0,-37.8475,-37.0743,-553.356,-59963.5,-70336.3,14839.5,-127.109,108.363,0,-6.4603e-010,1.37591e-009,1.66105e-009,1.53045e-008,-2.27137e-007,-7.53563e-008,136.743,9.21377,0
545,1,-37.3736,-36.5101,-551.909,-59462,-70231.4,14663.2,-127.252,107.739,0,1.06743e-009,9.92967e-010,7.88939e-009,1.56392e-007,1.62041e-006,-3.25697e-007,-205.391,19.8231,0
545,2,-36.9041,-35.9392,-550.527,-58968.6,-70130.8,14488.2,-127.388,107.113,0,1.92532e-009,6.54407e-010,1.05298e-008,2.18864e-007,2.48946e-006,-4.308e-007,-236.421,20.7853,0
545,3,-36.4379,-35.366,-549.212,-58481.8,-70033.2,14313.8,-127.516,106.483,0,2.18902e-009,3.8173e-010,1.07924e-008,2.28689e-007,2.69232e-006,-4.39867e-007,-249.463,21.1897,0
545,4,-35.9738,-34.7942,-547.959,-58000.9,-69938,14140.2,-127.634,105.849,0,2.07965e-009,1.79443e-010,9.65674e-009,2.07072e-007,2.48796e-006,-3.92637e-007,-257.64,21.4433,0
546,0,-35.5114,-34.227,-546.763,-57526.5,-69845.8,13967.8,-127.744,105.213,0,1.76882e-009,4.17429e-011,7.85244e-009,1.69955e-007,2.07384e-006,-3.18669e-007,-264.101,21.6436,0
546,1,-35.0523,-33.6676,-545.622,-57060.4,-69758.6,13797.8,-127.852,104.579,0,1.37922e-009,-4.24045e-011,5.87884e-009,1.28352e-007,1.58848e-006,-2.38148e-007,-270.203,21.8329,0
546,2,-34.5994,-33.1196,-544.529,-56604.4,-69678.2,13631.1,-127.961,103.951,0,9.90782e-010,-8.57295e-011,4.04322e-009,8.91293e-008,1.12004e-006,-1.6346e-007,-277.017,22.0441,0
546,3,-34.1569,-32.586,-543.478,-56159.3,-69605.3,13468.4,-128.074,103.333,0,6.49322e-010,-1.00418e-010,2.50577e-009,5.59518e-008,7.17172e-007,-1.01029e-007,-286.208,22.3292,0
546,4,-33.73,-32.0687,-542.461,-55725.3,-69539.1,13310,-128.192,102.727,0,3.75584e-010,-9.68911e-011,1.32306e-009,3.02054e-008,4.00037e-007,-5.30887e-008,-302.357,22.8299,0
547,0,-33.3238,-31.5684,-541.47,-55302.4,-69478.4,13157.2,-128.314,102.134,0,1.73419e-010,-8.33113e-011,4.85321e-010,1.18013e-008,1.70006e-007,-1.91961e-008,-350.296,24.3165,0
547,1,-32.9415,-31.0834,-540.496,-54889.6,-69422.2,13011,-128.442,101.554,0,3.65082e-011,-6.55708e-011,-5.42025e-011,-1.87192e-010,1.74803e-008,2.57916e-009,322.5,3.45357,0
547,2,-32.5841,-30.6101,-539.537,-54484.8,-69370.5,12871.7,-128.574,100.984,0,-4.65616e-011,-4.75532e-011,-3.5794e-010,-7.05767e-009,-7.22987e-008,1.47914e-008,-201.986,19.7175,0
547,3,-32.2516,-30.144,-538.592,-54085.5,-69323.5,12738.5,-128.712,100.42,0,-8.87714e-011,-3.15244e-011,-4.89899e-010,-1.01664e-008,-1.15297e-007,2.00493e-008,-235.349,20.7521,0
547,4,-31.9436,-29.6798,-537.668,-53690.2,-69281.5,12610.2,-128.855,99.8575,0,-1.02456e-010,-1.85501e-011,-5.0736e-010,-1.07417e-008,-1.26273e-007,2.0682e-008,-248.883,21.1717,0
548,0,-31.6592,-29.2143,-536.768,-53298,-69244.5,12485.8,-129.003,99.2941,0,-9.8109e-011,-8.87893e-012,-4.5691e-010,-9.79178e-009,-1.17529e-007,1.85799e-008,-257.226,21.4304,0
548,1,-31.3976,-28.7466,-535.897,-52908.3,-69212.7,12364.4,-129.153,98.7285,0,-8.39125e-011,-2.25986e-012,-3.73428e-010,-8.07819e-009,-9.84889e-008,1.51561e-008,-263.743,21.6325,0
548,2,-31.1575,-28.2783,-535.062,-52520.8,-69186.5,12245.4,-129.306,98.1584,0,-6.57457e-011,1.81521e-012,-2.80908e-010,-6.12984e-009,-7.57995e-008,1.13807e-008,-269.837,21.8215,0
548,3,-30.9377,-27.8111,-534.27,-52135.4,-69166.1,12128.6,-129.459,97.5826,0,-4.74621e-011,3.94176e-012,-1.94223e-010,-4.27881e-009,-5.3717e-008,7.85307e-009,-276.574,22.0304,0
548,4,-30.7361,-27.3461,-533.524,-51752.6,-69151.6,12014,-129.613,97.0015,0,-3.12913e-011,4.69447e-012,-1.21226e-010,-2.70441e-009,-3.46162e-008,4.8886e-009,-285.551,22.3088,0
549,0,-30.5491,-26.8847,-532.823,-51371.8,-69142.5,11901.7,-129.766,96.4144,0,-1.82632e-011,4.56754e-012,-6.48037e-011,-1.47677e-009,-1.95071e-008,2.60132e-009,-301.018,22.7884,0
549,1,-30.3719,-26.4283,-532.16,-50990.6,-69137.9,11792.1,-129.919,95.8183,0,-8.59519e-012,3.95e-012,-2.46373e-011,-5.94874e-010,-8.49432e-009,9.76113e-010,-344.775,24.1453,0
549,2,-30.2002,-25.9786,-531.526,-50606.3,-69136.2,11685,-130.071,95.2096,0,-2.01181e-012,3.124e-012,1.39384e-012,-1.69014e-011,-1.14979e-009,-7.46824e-011,824.911,-12.1258,0
549,3,-30.0312,-25.5382,-530.915,-50217.5,-69135.9,11579.8,-130.22,94.5866,0,2.01317e-012,2.27663e-012,1.61943e-011,3.1742e-010,3.21004e-009,-6.69934e-010,-198.221,19.6007,0
549,4,-29.8645,-25.1093,-530.326,-49824.1,-69135.4,11475.6,-130.364,93.95,0,4.08732e-012,1.51801e-012,2.27731e-011,4.71794e-010,5.33402e-009,-9.32302e-010,-234.225,20.7172,0
550,0,-29.7006,-24.6936,-529.758,-49427.9,-69134.3,11372.3,-130.502,93.3027,0,4.79254e-012,9.00849e-013,2.38404e-011,5.04302e-010,5.91925e-009,-9.71997e-010,-248.286,21.1532,0
550,1,-29.5407,-24.2919,-529.211,-49031.5,-69132.7,11270.7,-130.634,92.6503,0,4.62662e-012,4.3861e-013,2.16117e-011,4.62867e-010,5.55001e-009,-8.78933e-010,-256.805,21.4174,0
550,2,-29.3862,-23.9042,-528.685,-48639.2,-69131,11172.1,-130.76,92.0003,0,3.97961e-012,1.20551e-013,1.77537e-011,3.83858e-010,4.67601e-009,-7.20635e-010,-263.383,21.6214,0
550,3,-29.2387,-23.5304,-528.179,-48255,-69129.4,11077.3,-130.883,91.361,0,3.13315e-012,-7.66896e-014,1.34188e-011,2.92667e-010,3.61601e-009,-5.43704e-010,-269.473,21.8102,0
550,4,-29.0995,-23.1705,-527.691,-47882.1,-69128.5,10985.5,-131.002,90.739,0,2.27292e-012,-1.8095e-013,9.32659e-012,2.05343e-010,2.57544e-009,-3.77154e-010,-276.139,22.0169,0
551,0,-28.9702,-22.8245,-527.216,-47521.7,-69129.2,10895,-131.121,90.1371,0,1.50734e-012,-2.19321e-013,5.86181e-012,1.30654e-010,1.6701e-009,-2.36429e-010,-284.913,22.289,0
551,1,-28.8524,-22.4914,-526.751,-47171.5,-69132.5,10804.5,-131.243,89.5519,0,8.87459e-013,-2.15234e-013,3.17086e-012,7.21341e-011,9.50464e-010,-1.27331e-010,-299.75,22.7491,0
551,2,-28.7462,-22.1694,-526.299,-46827.5,-69139.1,10713.3,-131.369,88.9752,0,4.25249e-013,-1.87223e-013,1.24565e-012,2.98879e-011,4.23386e-010,-4.94242e-011,-339.893,23.9939,0
551,3,-28.6505,-21.8571,-525.862,-46486.2,-69149.3,10621.9,-131.497,88.3999,0,1.08801e-013,-1.48796e-013,-9.77016e-015,2.03498e-012,6.9864e-011,1.26118e-012,3146.4,-91.6475,0
551,4,-28.563,-21.5551,-525.441,-46146.4,-69162.5,10531.3,-131.628,87.8241,0,-8.61134e-014,-1.08962e-013,-7.30408e-013,-1.42217e-011,-1.41724e-010,3.02525e-011,-194.033,19.4709,0
552,0,-28.4829,-21.2648,-525.034,-45808.4,-69178.3,10442.9,-131.76,87.2485,0,-1.87913e-013,-7.30688e-014,-1.05766e-012,-2.18729e-011,-2.46479e-010,4.33142e-011,-233.043,20.6805,0
552,1,-28.411,-20.9873,-524.64,-45472,-69196.5,10357.9,-131.894,86.6729,0,-2.24038e-013,-4.37202e-014,-1.11971e-012,-2.36642e-011,-2.77322e-010,4.56599e-011,-247.673,21.1342,0
552,2,-28.3495,-20.7219,-524.256,-45135.9,-69216.6,10276.8,-132.028,86.0951,0,-2.18098e-013,-2.16336e-014,-1.02189e-012,-2.18727e-011,-2.61991e-010,4.15648e-011,-256.379,21.4042,0
552,3,-28.3014,-20.4681,-523.887,-44798.5,-69237.2,10199.6,-132.161,85.5118,0,-1.8868e-013,-6.35562e-015,-8.43813e-013,-1.82349e-011,-2.21941e-010,3.42547e-011,-263.022,21.6102,0
552,4,-28.2697,-20.2257,-523.533,-44458.4,-69257,10125.7,-132.288,84.9201,0,-1.4927e-013,3.18622e-015,-6.40824e-013,-1.39693e-011,-1.72453e-010,2.59678e-011,-269.112,21.799,0
553,0,-28.2552,-19.9949,-523.195,-44114.7,-69274.2,10054.2,-132.406,84.318,0,-1.08815e-013,8.29244e-015,-4.47713e-013,-9.85132e-012,-1.23439e-010,1.81072e-011,-275.711,22.0036,0
553,1,-28.257,-19.7758,-522.874,-43767.5,-69288.1,9984.06,-132.514,83.7057,0,-7.25818e-014,1.02396e-014,-2.83305e-013,-6.30914e-012,-8.05416e-011,1.14289e-011,-284.293,22.2698,0
553,2,-28.2727,-19.5681,-522.572,-43418.4,-69299.5,9914.62,-132.612,83.0859,0,-4.30958e-014,1.01383e-014,-1.55001e-013,-3.52035e-012,-4.6275e-011,6.22656e-012,-298.546,22.7118,0
553,3,-28.2997,-19.3721,-522.292,-43070.4,-69310.4,9845.94,-132.704,82.4642,0,-2.10048e-014,8.87133e-015,-6.27527e-014,-1.49721e-012,-2.10562e-011,2.49313e-012,-335.543,23.859,0
553,4,-28.3358,-19.1892,-522.032,-42727.4,-69322.9,9778.45,-132.794,81.8483,0,-5.79916e-015,7.08519e-015,-2.23262e-015,-1.55507e-013,-4.04619e-012,4.93482e-014,-182.224,7.00342,0
554,0,-28.3788,-19.0217,-521.795,-42393.1,-69339.1,9712.56,-132.886,81.2447,0,3.63473e-015,5.21352e-015,3.28296e-014,6.3445e-013,6.21614e-012,-1.36159e-012,-189.345,19.3255,0
554,1,-28.4262,-18.871,-521.587,-42070.1,-69360.9,9648.45,-132.981,80.6578,0,8.6254e-015,3.51581e-015,4.90746e-014,1.01299e-012,1.13754e-011,-2.01048e-012,-231.797,20.6419,0
554,2,-28.476,-18.7356,-521.415,-41759.7,-69389.9,9586.09,-133.08,80.0893,0,1.04664e-014,2.12054e-015,5.25638e-014,1.10986e-012,1.29854e-011,-2.14386e-012,-247.042,21.1146,0
554,3,-28.5268,-18.6115,-521.279,-41461.9,-69426.9,9525.47,-133.186,79.5388,0,1.02771e-014,1.06551e-015,4.83029e-014,1.03324e-012,1.2363e-011,-1.96494e-012,-255.946,21.3908,0
554,4,-28.5778,-18.4946,-521.178,-41174.8,-69472.4,9466.61,-133.299,79.0034,0,8.94291e-015,3.3188e-016,4.00942e-014,8.65991e-013,1.05311e-011,-1.6278e-012,-262.658,21.5989,0
555,0,-28.6282,-18.381,-521.109,-40895.1,-69525.6,9409.54,-133.419,78.4772,0,7.10962e-015,-1.29489e-016,3.05944e-014,6.66586e-013,8.22228e-012,-1.23989e-012,-268.751,21.7878,0
555,1,-28.6776,-18.2679,-521.066,-40618.4,-69584.8,9354.22,-133.543,77.9525,0,5.20792e-015,-3.79315e-016,2.14848e-014,4.72463e-013,5.91453e-012,-8.69034e-013,-266.367,21.2779,0
555,2,-28.7262,-18.154,-521.044,-40340.8,-69648,9300.64,-133.67,77.423,0,3.49362e-015,-4.7773e-016,1.36858e-014,3.04523e-013,3.88252e-012,-5.52198e-013,-174.853,13.7145,0
555,3,-28.7742,-18.0399,-521.039,-40060.8,-69713.7,9248.87,-133.797,76.8864,0,2.09145e-015,-4.77356e-016,7.56997e-015,1.71659e-013,2.25133e-012,-3.04197e-013,-101.391,7.73082,0
555,4,-28.8211,-17.927,-521.046,-39778.9,-69780.7,9199.1,-133.924,76.3443,0,1.03592e-015,-4.20228e-016,3.15116e-015,7.48022e-014,1.04505e-012,-1.25341e-013,-47.0649,3.36879,0
556,0,-28.8654,-17.8155,-521.063,-39495.6,-69848.1,9151.48,-134.049,75.7981,0,3.05536e-016,-3.3728e-016,2.34869e-016,1.01961e-014,2.26906e-013,-7.56355e-015,-10.2189,0.459193,0
556,1,-28.9057,-17.7048,-521.089,-39210.8,-69915.1,9105.81,-134.171,75.2478,0,-1.50828e-016,-2.49377e-016,-1.46986e-015,-2.81649e-014,-2.70541e-013,6.10545e-014,-12.1841,1.26843,0
556,2,-28.9413,-17.5936,-521.126,-38924.8,-69980.6,9061.27,-134.287,74.6936,0,-3.95233e-016,-1.69105e-016,-2.27475e-015,-4.68626e-014,-5.24293e-013,9.32274e-014,-23.6121,2.1105,0
556,3,-28.9715,-17.4804,-521.174,-38638.7,-70044,9016.53,-134.396,74.1378,0,-4.88632e-016,-1.02791e-016,-2.46632e-015,-5.20257e-014,-6.07679e-013,1.0061e-013,-27.3674,2.34303,0
556,4,-28.9959,-17.3629,-521.245,-38354.3,-70105.5,8970.39,-134.496,73.582,0,-4.84075e-016,-5.24086e-017,-2.28241e-015,-4.87915e-014,-5.83172e-013,9.28596e-014,-26.2637,2.19737,0
557,0,-29.0139,-17.2386,-521.352,-38072.3,-70167.1,8922.32,-134.587,73.026,0,-4.23741e-016,-1.71926e-017,-1.90456e-015,-4.11148e-014,-4.99553e-013,7.73322e-014,-22.4978,1.85164,0
557,1,-29.0251,-17.1047,-521.507,-37793.4,-70232.2,8872.36,-134.672,72.4697,0,-3.38531e-016,5.10465e-018,-1.46024e-015,-3.17991e-014,-3.91916e-013,5.91848e-014,-17.6503,1.43211,0
557,2,-29.0299,-16.9596,-521.714,-37519.4,-70304,8820.33,-134.756,71.9156,0,-2.49178e-016,1.73159e-017,-1.03068e-015,-2.26518e-014,-2.83304e-013,4.16946e-014,-12.7589,1.02015,0
557,3,-29.0293,-16.8028,-521.97,-37252.1,-70384.1,8765.32,-134.843,71.3682,0,-1.68097e-016,2.22723e-017,-6.60818e-016,-1.46919e-014,-1.87081e-013,2.66676e-014,-8.42537,0.661665,0
557,4,-29.0261,-16.6358,-522.271,-36993.4,-70471.7,8706.25,-134.933,70.8317,0,-1.01437e-016,2.24665e-017,-3.69381e-016,-8.36371e-015,-1.09452e-013,1.48483e-014,-4.92929,0.376668,0
558,0,-29.0244,-16.4609,-522.614,-36744.3,-70564.7,8642.56,-135.023,70.3088,0,-5.10173e-017,1.98997e-017,-1.5778e-016,-3.72814e-015,-5.17702e-014,6.2825e-015,-2.33152,0.1679,0
558,1,-29.0288,-16.2796,-522.992,-36505.2,-70660.8,8574.44,-135.109,69.8006,0,-1.59459e-017,1.60513e-017,-1.73081e-017,-6.18417e-016,-1.24335e-014,6.08555e-016,-0.559955,0.027851,0
558,2,-29.0417,-16.0925,-523.401,-36274.9,-70758.8,8502.62,-135.19,69.3061,0,6.11968e-018,1.19249e-017,6.55199e-017,1.24325e-015,1.16656e-014,-2.72624e-015,-0.525371,0.055991,0
558,3,-29.0633,-15.8982,-523.833,-36051.8,-70858.2,8428.23,-135.269,68.8231,0,1.80767e-017,8.13075e-018,1.0533e-016,2.16539e-015,2.41305e-014,-4.31855e-015,-1.08674,0.0975206,0
558,4,-29.0919,-15.6937,-524.28,-35834.2,-70958.4,8352.68,-135.345,68.3493,0,2.27962e-017,4.97988e-018,1.15661e-016,2.43741e-015,2.84203e-014,-4.71917e-015,-1.27994,0.109771,0
559,0,-29.1248,-15.4746,-524.741,-35620.8,-71058.7,8277.2,-135.417,67.8827,0,2.27918e-017,2.57456e-018,1.07812e-016,2.3032e-015,2.74983e-014,-4.38687e-015,-1.23841,0.103727,0
559,1,-29.159,-15.2368,-525.211,-35410.8,-71158,8202.41,-135.485,67.422,0,2.00719e-017,8.84662e-019,9.04444e-017,1.95144e-015,2.36897e-014,-3.67278e-015,-1.06689,0.0878853,0
559,2,-29.1912,-14.979,-525.689,-35204,-71256.5,8128.49,-135.549,66.9674,0,1.6115e-017,-1.9242e-019,6.96759e-017,1.51654e-015,1.86756e-014,-2.82433e-015,-0.841073,0.0682988,0
559,3,-29.2193,-14.7031,-526.175,-35000.9,-71355.4,8055.89,-135.611,66.5194,0,1.19187e-017,-7.88748e-019,4.94279e-017,1.08568e-015,1.35661e-014,-1.99978e-015,-0.610961,0.0488947,0
559,4,-29.2417,-14.4129,-526.67,-34801.4,-71456.7,7985.75,-135.676,66.0782,0,8.08501e-018,-1.03757e-018,3.18932e-017,7.08516e-016,9.01094e-015,-1.28728e-015,-0.405817,0.0319087,0
560,0,-29.2582,-14.1119,-527.174,-34605.4,-71561.4,7919.1,-135.745,65.6431,0,4.91689e-018,-1.05692e-018,1.80092e-017,4.07193e-016,5.31763e-015,-7.24152e-016,-0.239485,0.0183383,0
560,1,-29.2699,-13.802,-527.688,-34412.5,-71668.9,7855.86,-135.817,65.2138,0,2.50916e-018,-9.42041e-019,7.87939e-018,1.85399e-016,2.56017e-015,-3.14044e-016,-0.1153,0.00834961,0
560,2,-29.2786,-13.4843,-528.211,-34223.1,-71778.3,7794.55,-135.889,64.7905,0,8.25675e-019,-7.63674e-019,1.11583e-018,3.57738e-017,6.69521e-016,-4.08091e-017,-0.0301525,0.00161111,0
560,3,-29.2864,-13.1601,-528.745,-34037.3,-71888.9,7732.83,-135.961,64.3737,0,-2.40687e-019,-5.70073e-019,-2.90592e-018,-5.45183e-017,-4.97332e-016,1.21153e-016,-0.0223978,0.00245529,0
560,4,-29.2945,-12.8314,-529.292,-33854.7,-72000.1,7668.36,-136.031,63.9623,0,-8.25097e-019,-3.90794e-019,-4.87177e-018,-9.9932e-017,-1.10892e-015,1.99829e-016,-0.0499414,0.00450053,0
561,0,-29.3031,-12.499,-529.856,-33674,-72111.5,7599.37,-136.096,63.5531,0,-1.06273e-018,-2.41125e-019,-5.42121e-018,-1.14128e-016,-1.32834e-015,2.21239e-016,-0.0598233,0.00513988,0
561,1,-29.3112,-12.163,-530.445,-33493.8,-72221.8,7525.11,-136.153,63.1428,0,-1.07266e-018,-1.26325e-019,-5.09076e-018,-1.08683e-016,-1.29613e-015,2.07171e-016,-0.0583725,0.00489466,0
561,2,-29.3168,-11.8233,-531.063,-33314.7,-72329.8,7445.82,-136.198,62.732,0,-9.50474e-019,-4.5259e-020,-4.29382e-018,-9.25951e-017,-1.12308e-015,1.74383e-016,-0.0505789,0.00417011,0
561,3,-29.3182,-11.4803,-531.714,-33139,-72435,7362.41,-136.229,62.3249,0,-7.66906e-019,6.74586e-021,-3.32369e-018,-7.23055e-017,-8.8968e-016,1.34741e-016,-0.0400676,0.00325635,0
561,4,-29.3134,-11.134,-532.395,-32968.9,-72538.7,7276.22,-136.25,61.9257,0,-5.69928e-019,3.58419e-020,-2.36965e-018,-5.20193e-017,-6.49417e-016,9.58839e-017,-0.0292471,0.00234274,0
562,0,-29.3001,-10.7836,-533.094,-32804.3,-72642.1,7188.91,-136.265,61.5358,0,-3.88726e-019,4.82974e-020,-1.53859e-018,-3.41537e-017,-4.3385e-016,6.21113e-017,-0.0195389,0.00153815,0
562,1,-29.2756,-10.4276,-533.796,-32644.3,-72746.2,7102.21,-136.281,61.155,0,-2.38198e-019,4.97004e-020,-8.77341e-019,-1.98099e-017,-2.58184e-016,3.52884e-017,-0.0116276,0.000892159,0
562,2,-29.2379,-10.0653,-534.49,-32488.8,-72851.7,7017.21,-136.301,60.7847,0,-1.23252e-019,4.45816e-020,-3.92552e-019,-9.20107e-018,-1.26403e-016,1.56593e-017,-0.00569267,0.00041438,0
562,3,-29.1871,-9.69634,-535.175,-32338.8,-72959.5,6933.97,-136.328,60.4265,0,-4.24691e-020,3.63233e-020,-6.70198e-020,-2.00451e-018,-3.55644e-017,2.50659e-018,-0.00160168,9.02753e-005,0
562,4,-29.1258,-9.32097,-535.859,-32194.9,-73070.2,6851.61,-136.361,60.0808,0,9.04044e-021,2.72445e-020,1.28136e-019,2.37215e-018,2.09034e-017,-5.35446e-018,-0.000941405,0.000106832,0
563,0,-29.0573,-8.94053,-536.555,-32057,-73183.8,6768.79,-136.396,59.746,0,3.75781e-020,1.87764e-020,2.25064e-019,4.60569e-018,5.08774e-017,-9.23579e-018,-0.00229131,0.000207422,0
563,1,-28.9837,-8.5567,-537.272,-31924.6,-73299.6,6684.25,-136.429,59.4198,0,4.95056e-020,1.1669e-020,2.53959e-019,5.34076e-018,6.20451e-017,-1.03662e-017,-0.00279426,0.000240526,0
563,2,-28.9053,-8.17103,-538.012,-31796.6,-73417.3,6597.17,-136.46,59.1002,0,5.0461e-020,6.19142e-021,2.40295e-019,5.12663e-018,6.10687e-017,-9.78026e-018,-0.00275029,0.000230883,0
563,3,-28.8219,-7.7848,-538.774,-31672.5,-73535.6,6507.29,-136.487,58.7863,0,4.49941e-020,2.30388e-021,2.03789e-019,4.3923e-018,5.32264e-017,-8.27731e-018,-0.0023971,0.000197812,0
563,4,-28.7347,-7.39897,-539.55,-31551.5,-73652.7,6414.93,-136.508,58.4774,0,3.64865e-020,-2.05947e-022,1.58503e-019,3.44642e-018,4.23715e-017,-6.42632e-018,-0.00190824,0.000155213,0
564,0,-28.6454,-7.01382,-540.331,-31432.9,-73766.7,6320.9,-136.521,58.1735,0,2.72449e-020,-1.62442e-021,1.13569e-019,2.49169e-018,3.10787e-017,-4.59591e-018,-0.00139966,0.000112216,0
564,1,-28.5553,-6.62854,-541.106,-31316.4,-73876,6226.21,-136.528,57.8749,0,1.86832e-020,-2.2463e-021,7.41931e-020,1.64569e-018,2.08806e-017,-2.99557e-018,-0.000940378,7.41152e-005,0
564,2,-28.4649,-6.24087,-541.865,-31201.5,-73980.2,6131.79,-136.529,57.5817,0,1.15331e-020,-2.33604e-021,4.27084e-020,9.63074e-019,1.25276e-017,-1.7183e-018,-0.000564195,4.3373e-005,0
564,3,-28.3749,-5.84807,-542.609,-31086.5,-74080.1,6038.21,-136.526,57.2908,0,6.04712e-021,-2.10912e-021,1.95144e-020,4.55782e-019,6.23151e-018,-7.79072e-019,-0.000280642,2.05266e-005,0
564,4,-28.2857,-5.44939,-543.347,-30968.5,-74177.3,5945.59,-136.519,56.9958,0,2.17197e-021,-1.72719e-021,3.8523e-021,1.09772e-019,1.86858e-018,-1.46176e-019,-8.41534e-005,4.94371e-006,0
565,0,-28.1968,-5.04729,-544.092,-30844.6,-74274.1,5853.51,-136.51,56.6901,0,-3.14999e-022,-1.30168e-021,-5.61191e-021,-1.02254e-019,-8.62671e-019,2.35137e-019,-3.88512e-005,4.6051e-006,0
565,1,-28.1066,-4.64563,-544.853,-30713.9,-74372.4,5761.25,-136.5,56.371,0,-1.70733e-021,-9.01833e-022,-1.03843e-020,-2.11967e-019,-2.33016e-018,4.26339e-019,-0.000104941,9.54615e-006,0
565,2,-28.0142,-4.247,-545.639,-30578.2,-74474,5668.56,-136.49,56.0411,0,-2.3043e-021,-5.64422e-022,-1.18901e-020,-2.49775e-019,-2.89607e-018,4.85441e-019,-0.000130428,1.12489e-005,0
565,3,-27.9205,-3.8516,-546.448,-30442.3,-74579.6,5576.04,-136.481,55.7093,0,-2.37279e-021,-3.03134e-022,-1.13383e-020,-2.41734e-019,-2.87617e-018,4.61544e-019,-0.000129531,1.08867e-005,0
565,4,-27.8274,-3.45802,-547.273,-30312.4,-74689.2,5484.75,-136.475,55.3881,0,-2.12928e-021,-1.16765e-022,-9.6692e-021,-2.08289e-019,-2.52181e-018,3.92778e-019,-0.000113572,9.38052e-006,0
566,0,-27.7366,-3.06374,-548.103,-30193.9,-74802.3,5395.35,-136.475,55.088,0,-1.73541e-021,4.30976e-024,-7.55675e-021,-1.64227e-019,-2.01741e-018,3.06411e-019,-9.08559e-005,7.39614e-006,0
566,1,-27.6497,-2.66498,-548.933,-30088.2,-74917.3,5307.63,-136.478,54.8123,0,-1.30205e-021,7.34079e-023,-5.44124e-021,-1.19314e-019,-1.48688e-018,2.20223e-019,-6.69629e-005,5.37341e-006,0
566,2,-27.5687,-2.25687,-549.762,-29994,-75032.7,5220.69,-136.482,54.5582,0,-8.97648e-022,1.04384e-022,-3.57619e-021,-7.92653e-020,-1.00457e-018,1.44412e-019,-4.52419e-005,3.56979e-006,0
566,3,-27.4954,-1.83476,-550.599,-29909.6,-75147.7,5133.63,-136.484,54.322,0,-5.58116e-022,1.09748e-022,-2.07751e-021,-4.67891e-020,-6.07502e-019,8.36077e-020,-2.73595e-005,2.10719e-006,0
566,4,-27.4299,-1.39575,-551.451,-29834.7,-75262.9,5045.8,-136.482,54.1023,0,-2.96361e-022,9.97479e-023,-9.68146e-022,-2.25384e-020,-3.06776e-019,3.86798e-020,-1.3816e-005,1.01504e-006,0
567,0,-27.3701,-0.939356,-552.324,-29769.7,-75379.1,4956.74,-136.476,53.899,0,-1.1053e-022,8.21057e-023,-2.1489e-022,-5.90828e-021,-9.72979e-020,8.23679e-021,-4.38191e-006,2.66085e-007,0
567,1,-27.3139,-0.467533,-553.219,-29713.6,-75496.2,4866.17,-136.467,53.7104,0,9.49108e-024,6.21733e-023,2.43815e-022,4.35763e-021,3.47422e-020,-1.02485e-020,-1.56465e-006,1.9625e-007,0
567,2,-27.2595,0.0155144,-554.134,-29663.2,-75613.9,4774.3,-136.454,53.5308,0,7.73659e-023,4.33004e-023,4.7848e-022,9.7405e-021,1.06517e-019,-1.96547e-020,-4.79708e-006,4.38673e-007,0
567,3,-27.2057,0.504276,-555.068,-29614,-75731.4,4681.97,-136.436,53.352,0,1.07167e-022,2.7287e-023,5.56354e-022,1.16741e-020,1.35084e-019,-2.27195e-020,-6.08364e-006,5.25753e-007,0
567,4,-27.1507,0.994102,-556.018,-29561.3,-75847.6,4590.36,-136.412,53.166,0,1.11524e-022,1.48267e-023,5.34796e-022,1.13939e-020,1.35403e-019,-2.17729e-020,-6.09803e-006,5.13137e-007,0
568,0,-27.0928,1.48264,-556.985,-29501.7,-75961.9,4500.4,-136.38,52.9668,0,1.00732e-022,5.89499e-024,4.5864e-022,9.87443e-021,1.19444e-019,-1.86327e-020,-5.37926e-006,4.44705e-007,0
568,1,-27.0296,1.96918,-557.973,-29434.1,-76074,4411.81,-136.34,52.7518,0,8.25181e-023,5.68336e-026,3.60173e-022,7.82351e-021,9.60268e-020,-1.46058e-020,-4.32466e-006,3.5234e-007,0
568,2,-26.9594,2.45285,-558.991,-29359.1,-76185,4322.98,-136.29,52.5217,0,6.22075e-023,-3.3066e-024,2.60618e-022,5.71157e-021,7.11145e-020,-1.05492e-020,-3.20271e-006,2.57226e-007,0
568,3,-26.8811,2.93141,-560.045,-29278.5,-76296.8,4232.12,-136.233,52.2789,0,4.31132e-023,-4.84618e-024,1.72306e-022,3.81635e-021,4.83125e-020,-6.95906e-021,-2.1758e-006,1.71873e-007,0
568,4,-26.7959,3.40152,-561.141,-29194.3,-76411.2,4138.43,-136.171,52.0267,0,2.69948e-023,-5.15357e-024,1.00988e-022,2.27168e-021,2.94424e-020,-4.06523e-021,-1.32597e-006,1.02307e-007,0
569,0,-26.7055,3.8604,-562.277,-29109.3,-76530.1,4042.11,-136.107,51.7703,0,1.4509e-023,-4.71588e-024,4.7943e-023,1.11273e-021,1.50827e-020,-1.91674e-021,-6.79266e-007,5.0113e-008,0
569,1,-26.611,4.3071,-563.446,-29026.2,-76654,3943.92,-136.045,51.5156,0,5.60042e-024,-3.90197e-024,1.17288e-023,3.13727e-022,5.02838e-021,-4.52937e-022,-2.26458e-007,1.4129e-008,0
569,2,-26.5135,4.74183,-564.635,-28946.3,-76782.9,3845.13,-135.987,51.2656,0,-1.89273e-025,-2.9688e-024,-1.04909e-023,-1.83066e-022,-1.35189e-021,4.42678e-022,-6.08836e-008,8.24456e-009,0
569,3,-26.4144,5.16451,-565.833,-28868.7,-76916.6,3747.29,-135.935,51.0198,0,-3.4955e-024,-2.07832e-024,-2.20154e-023,-4.46872e-022,-4.85905e-021,9.04835e-022,-2.18832e-007,2.01253e-008,0
569,4,-26.3153,5.57462,-567.032,-28792.4,-77054.9,3651.52,-135.892,50.7774,0,-4.97967e-024,-1.31855e-024,-2.60166e-023,-5.45269e-022,-6.29618e-021,1.06267e-021,-2.83555e-007,2.45567e-008,0
570,0,-26.2176,5.97161,-568.228,-28718,-77197.1,3558.04,-135.856,50.5396,0,-5.23929e-024,-7.24513e-025,-2.52153e-023,-5.36833e-022,-6.3718e-021,1.02673e-021,-2.8696e-007,2.41768e-008,0
570,1,-26.1221,6.35491,-569.42,-28646.6,-77341.6,3466.57,-135.825,50.3084,0,-4.7639e-024,-2.96591e-025,-2.17483e-023,-4.67978e-022,-5.65559e-021,8.83646e-022,-2.54705e-007,2.10759e-008,0
570,2,-26.0291,6.72382,-570.605,-28578.7,-77486.6,3376.62,-135.797,50.0849,0,-3.92261e-024,-1.51956e-026,-1.7162e-023,-3.72596e-022,-4.56953e-021,6.96029e-022,-2.05793e-007,1.67802e-008,0
570,3,-25.9381,7.07789,-571.781,-28514.2,-77630.8,3287.57,-135.77,49.869,0,-2.97123e-024,1.48405e-025,-1.24789e-023,-2.73333e-022,-3.40028e-021,5.05175e-022,-1.53135e-007,1.23098e-008,0
570,4,-25.8475,7.41738,-572.943,-28452.3,-77773.5,3198.81,-135.744,49.6599,0,-2.06998e-024,2.24773e-025,-8.29861e-024,-1.83673e-022,-2.32263e-021,3.35213e-022,-1.04602e-007,8.2719e-009,0
571,0,-25.7542,7.74454,-574.089,-28392.6,-77914.5,3110.14,-135.719,49.4569,0,-1.30502e-024,2.41883e-025,-4.90573e-024,-1.10225e-022,-1.42612e-021,1.97528e-022,-6.42265e-008,4.96408e-009,0
571,1,-25.6544,8.06442,-575.219,-28334.1,-78053.7,3021.57,-135.694,49.2579,0,-7.09612e-025,2.22882e-025,-2.3701e-024,-5.48539e-023,-7.40634e-022,9.4815e-023,-3.33552e-008,2.4704e-009,0
571,2,-25.5454,8.3833,-576.343,-28274.7,-78191.6,2932.73,-135.668,49.0587,0,-2.82678e-025,1.85384e-025,-6.29661e-025,-1.64785e-023,-2.58213e-022,2.44559e-023,-1.16289e-008,7.42125e-010,0
571,3,-25.4251,8.70589,-577.48,-28212,-78330,2842.62,-135.641,48.8536,0,-3.50917e-027,1.41722e-025,4.46078e-025,7.55017e-024,4.99403e-023,-1.89129e-023,-2.24911e-009,3.4003e-010,0
571,4,-25.2917,9.03375,-578.648,-28144.3,-78471,2750.12,-135.611,48.6381,0,1.57418e-025,9.97216e-026,1.01139e-024,2.04653e-023,2.2116e-022,-4.1593e-023,-9.96014e-009,9.21676e-010,0
572,0,-25.1446,9.36581,-579.86,-28072.1,-78616.4,2654.67,-135.578,48.4119,0,2.31175e-025,6.36842e-026,1.21584e-024,2.54509e-023,2.93235e-022,-4.9674e-023,-1.32061e-008,1.14621e-009,0
572,1,-24.9849,9.70035,-581.121,-27996.9,-78766.1,2556.79,-135.542,48.1774,0,2.46019e-025,3.53717e-026,1.18842e-024,2.5283e-023,2.99713e-022,-4.83978e-023,-1.34979e-008,1.13865e-009,0
572,2,-24.8157,10.0368,-582.426,-27920.2,-78918.4,2458.26,-135.499,47.9378,0,2.25223e-025,1.48762e-026,1.03097e-024,2.21721e-023,2.67705e-022,-4.18938e-023,-1.20564e-008,9.98542e-010,0
572,3,-24.64,10.3763,-583.756,-27843.1,-79071.1,2361.57,-135.452,47.6964,0,1.86414e-025,1.31865e-027,8.17529e-025,1.774e-023,2.17384e-022,-3.31595e-023,-9.79012e-009,7.98939e-010,0
572,4,-24.4603,10.7203,-585.092,-27767.6,-79222.6,2268.68,-135.402,47.4585,0,1.41875e-025,-6.63349e-027,5.97339e-025,1.30767e-023,1.62535e-022,-2.41843e-023,-7.31992e-009,5.88923e-010,0
573,0,-24.2781,11.0699,-586.42,-27696.8,-79372,2179.87,-135.35,47.2304,0,9.93524e-026,-1.04147e-026,3.99522e-025,8.83648e-024,1.11621e-022,-1.61406e-023,-5.02696e-009,3.9796e-010,0
573,1,-24.0938,11.4266,-587.736,-27631.9,-79518.5,2093.39,-135.296,47.0142,0,6.30587e-026,-1.1347e-026,2.38154e-025,5.34502e-024,6.90399e-023,-9.59152e-024,-3.10928e-009,2.40718e-010,0
573,2,-23.9058,11.7932,-589.046,-27570.2,-79662.3,2006.15,-135.24,46.8049,0,3.46734e-026,-1.05302e-026,1.16982e-025,2.70034e-024,3.63265e-023,-4.68256e-024,-1.636e-009,1.21612e-010,0
573,3,-23.7118,12.1733,-590.359,-27506.2,-79804.5,1915.04,-135.18,46.5924,0,1.42193e-026,-8.80512e-027,3.33663e-026,8.57828e-025,1.31869e-023,-1.30186e-024,-5.93885e-010,3.86332e-011,0
573,4,-23.5102,12.5693,-591.686,-27434.6,-79946.8,1818.22,-135.117,46.3668,0,7.63873e-028,-6.76348e-027,-1.86866e-026,-3.038e-025,-1.68945e-024,7.97086e-025,-7.60862e-011,1.36819e-011,0
574,0,-23.3,12.9819,-593.034,-27352,-80090.5,1715.41,-135.052,46.1222,0,-7.0634e-027,-4.78327e-027,-4.63866e-026,-9.35459e-025,-1.00412e-023,1.90885e-024,-4.52216e-010,4.21293e-011,0
574,1,-23.0808,13.4111,-594.4,-27258.5,-80235.9,1607.17,-134.986,45.8588,0,-1.07216e-026,-3.07445e-027,-5.67823e-026,-1.1871e-024,-1.36459e-023,2.32047e-024,-6.14557e-010,5.34623e-011,0
574,2,-22.8526,13.8583,-595.78,-27157,-80382.3,1494.14,-134.92,45.5823,0,-1.15466e-026,-1.72542e-027,-5.59895e-026,-1.19025e-024,-1.40915e-023,2.28048e-024,-6.34624e-010,5.36042e-011,0
574,3,-22.6176,14.3256,-597.165,-27052,-80529.2,1377.29,-134.853,45.3007,0,-1.06442e-026,-7.44072e-028,-4.88583e-026,-1.05016e-024,-1.26676e-023,1.98559e-024,-5.70499e-010,4.72948e-011,0
574,4,-22.3793,14.8143,-598.551,-26947.4,-80677.3,1258.44,-134.788,45.0211,0,-8.8564e-027,-9.11356e-029,-3.8933e-026,-8.44402e-025,-1.03387e-023,1.57932e-024,-4.65612e-010,3.80285e-011,0
575,0,-22.1413,15.3232,-599.936,-26846.3,-80828,1140.09,-134.728,44.7486,0,-6.77257e-027,2.95137e-028,-2.85847e-026,-6.2543e-025,-7.767e-024,1.15743e-024,-3.49795e-010,2.81668e-011,0
575,1,-21.9066,15.8504,-601.32,-26751.3,-80982.7,1024.14,-134.675,44.4876,0,-4.76701e-027,4.82037e-028,-1.92269e-026,-4.24964e-025,-5.3624e-024,7.76875e-025,-2.41501e-010,1.91387e-011,0
575,2,-21.6761,16.3932,-602.708,-26664.9,-81142.3,910.892,-134.629,44.2419,0,-3.04556e-027,5.32025e-028,-1.15543e-026,-2.5904e-025,-3.34054e-024,4.6545e-025,-1.50444e-010,1.16661e-011,0
575,3,-21.4489,16.9488,-604.106,-26588.1,-81306.2,799.086,-134.589,44.0123,0,-1.69271e-027,4.97334e-028,-5.76538e-027,-1.32758e-025,-1.77979e-024,2.30903e-025,-8.01546e-011,5.97888e-012,0
575,4,-21.2227,17.5135,-605.52,-26519.5,-81472.7,686.67,-134.55,43.7962,0,-7.13068e-028,4.18094e-028,-1.74964e-027,-4.43235e-026,-6.70241e-025,6.85199e-026,-3.0185e-011,1.99615e-012,0
576,0,-20.9952,18.0834,-606.956,-26457,-81639.1,571.76,-134.506,43.5897,0,-6.48073e-029,3.22688e-028,7.67812e-028,1.18064e-026,4.76059e-026,-3.30117e-026,-2.14398e-012,5.31714e-013,0
576,1,-20.7656,18.6558,-608.413,-26399.3,-81802.8,453.309,-134.453,43.3905,0,3.15637e-028,2.29361e-028,2.12368e-027,4.26707e-026,4.54657e-025,-8.74515e-026,-2.04759e-011,1.92172e-012,0
576,2,-20.5351,19.2303,-609.885,-26346.1,-81962.7,331.34,-134.39,43.1985,0,4.96743e-028,1.48358e-028,2.65005e-027,5.53288e-026,6.34485e-025,-1.08325e-025,-2.85747e-011,2.49179e-012,0
576,3,-20.3061,19.8078,-611.36,-26296.6,-82119,206.665,-134.322,43.0133,0,5.41645e-028,8.40963e-029,2.63673e-027,5.601e-026,6.62231e-025,-1.07412e-025,-2.98242e-011,2.52247e-012,0
576,4,-20.0822,20.389,-612.826,-26249,-82272.7,80.2957,-134.251,42.8326,0,5.02884e-028,3.71229e-029,2.31471e-027,4.97238e-026,5.99229e-025,-9.40803e-026,-2.69869e-011,2.23936e-012,0
577,0,-19.8662,20.9743,-614.279,-26200.3,-82425.5,-46.8345,-134.183,42.6522,0,4.20642e-028,5.68943e-030,1.85359e-027,4.01813e-026,4.91563e-025,-7.51986e-026,-2.2138e-011,1.8096e-012,0
577,1,-19.6605,21.5647,-615.718,-26147.2,-82579.8,-173.885,-134.12,42.4661,0,3.23206e-028,-1.30616e-029,1.36747e-027,2.99042e-026,3.71053e-025,-5.5377e-026,-1.67108e-011,1.34676e-012,0
577,2,-19.4667,22.163,-617.15,-26086.4,-82737.6,-300.481,-134.064,42.2691,0,2.28651e-028,-2.22852e-029,9.24945e-028,2.043e-026,2.57527e-025,-3.73782e-026,-1.1598e-011,9.20085e-013,0
577,3,-19.2868,22.7715,-618.582,-26017,-82900.2,-427.104,-134.017,42.0591,0,1.47025e-028,-2.49314e-029,5.60235e-028,1.2547e-026,1.61552e-025,-2.25734e-026,-7.27564e-012,5.65068e-013,0
577,4,-19.1227,23.3897,-620.018,-25941.4,-83068.1,-554.764,-133.977,41.8397,0,8.25651e-029,-2.34804e-029,2.83751e-028,6.5188e-027,8.71094e-026,-1.137e-026,-3.92306e-012,2.93581e-013,0
578,0,-18.9744,24.0161,-621.459,-25864.4,-83240.7,-684.193,-133.944,41.6188,0,3.566e-029,-1.98467e-029,9.09557e-029,2.27565e-027,3.39231e-026,-3.573e-027,-1.52776e-012,1.02486e-013,0
578,1,-18.8398,24.65,-622.905,-25791.7,-83417.1,-815.319,-133.916,41.4055,0,4.44032e-030,-1.53913e-029,-3.07364e-029,-4.35265e-028,-7.00937e-028,1.33587e-027,-3.15674e-014,1.96026e-014,0
578,2,-18.7157,25.2925,-624.358,-25727.7,-83596.3,-947.263,-133.892,41.2067,0,-1.40389e-029,-1.09946e-029,-9.70389e-029,-1.94202e-027,-2.05245e-026,3.99897e-027,-9.24341e-013,8.74606e-014,0
578,3,-18.6005,25.9456,-625.826,-25674.4,-83777.3,-1078.63,-133.867,41.0248,0,-2.29898e-029,-7.15586e-030,-1.2359e-028,-2.57679e-027,-2.9475e-026,5.05334e-027,-1.32744e-012,1.16048e-013,0
578,4,-18.4947,26.6109,-627.316,-25631,-83959.3,-1207.93,-133.839,40.8582,0,-2.53951e-029,-4.09564e-030,-1.24121e-028,-2.63453e-027,-3.1107e-026,5.05707e-027,-1.40094e-012,1.18649e-013,0
579,0,-18.3995,27.2888,-628.838,-25595.1,-84142,-1334.03,-133.805,40.7022,0,-2.37503e-029,-1.84785e-030,-1.09628e-028,-2.35363e-027,-2.83366e-026,4.45628e-027,-1.27617e-012,1.05998e-013,0
579,1,-18.3165,27.9782,-630.394,-25563.2,-84325.2,-1456.79,-133.766,40.5511,0,-1.9973e-029,-3.35175e-031,-8.82243e-029,-1.91151e-027,-2.33653e-026,3.57956e-027,-1.05228e-012,8.60869e-014,0
579,2,-18.2471,28.6758,-631.982,-25531.9,-84509.5,-1577.21,-133.722,40.3997,0,-1.542e-029,5.74502e-031,-6.53999e-029,-1.42942e-027,-1.77213e-026,2.64871e-027,-7.98096e-013,6.43753e-014,0
579,3,-18.1913,29.3781,-633.596,-25499.2,-84695.9,-1696.71,-133.675,40.2452,0,-1.09638e-029,1.02903e-030,-4.44797e-029,-9.81814e-028,-1.23635e-026,1.79773e-027,-5.56801e-013,4.4217e-014,0
579,4,-18.1481,30.0815,-635.229,-25463.9,-84885.3,-1816.09,-133.63,40.0863,0,-7.09448e-030,1.16767e-030,-2.71485e-029,-6.07406e-028,-7.80893e-027,1.09412e-027,-3.51683e-013,2.73552e-014,0
580,0,-18.116,30.784,-636.873,-25425.3,-85078.4,-1935.17,-133.588,39.9221,0,-4.024e-030,1.10817e-030,-1.39471e-029,-3.19722e-028,-4.25928e-027,5.59132e-028,-1.91821e-013,1.4399e-014,0
580,1,-18.0943,31.4843,-638.523,-25382.4,-85275.1,-2053.35,-133.55,39.7517,0,-1.77886e-030,9.41836e-031,-4.69412e-030,-1.16199e-028,-1.71059e-027,1.84878e-028,-7.7038e-014,5.23314e-015,0
580,2,-18.0835,32.1826,-640.176,-25334.8,-85475.1,-2170.18,-133.518,39.5748,0,-2.7593e-031,7.33913e-031,1.18556e-030,1.46708e-029,-4.12685e-029,-5.23423e-029,1.85857e-015,6.60716e-016,0
580,3,-18.0849,32.8812,-641.83,-25283.1,-85678,-2285.69,-133.49,39.3923,0,6.2108e-031,5.26866e-031,4.42474e-030,8.81655e-029,9.23428e-028,-1.82492e-028,-4.15875e-014,3.97062e-015,0
580,4,-18.0995,33.5842,-643.49,-25229.1,-85884.1,-2400.54,-133.466,39.2066,0,1.06277e-030,3.45009e-031,5.75957e-030,1.1991e-028,1.36799e-027,-2.35564e-028,-6.16086e-014,5.40026e-015,0
581,0,-18.1274,34.2962,-645.161,-25175.8,-86093.5,-2515.71,-133.445,39.0225,0,1.19001e-030,1.99316e-031,5.84035e-030,1.23865e-028,1.46049e-027,-2.37992e-028,-6.57745e-014,5.57838e-015,0
581,1,-18.1683,35.0203,-646.848,-25126.5,-86305.9,-2632.03,-133.425,38.8445,0,1.12129e-030,9.1786e-032,5.19047e-030,1.11371e-028,1.33954e-027,-2.11014e-028,-6.03277e-014,5.01571e-015,0
581,2,-18.2222,35.7561,-648.548,-25082.2,-86519.7,-2749.85,-133.405,38.6744,0,9.4809e-031,1.90185e-032,4.19799e-030,9.09096e-029,1.1103e-027,-1.70345e-028,-5.00035e-014,4.09421e-015,0
581,3,-18.2899,36.5003,-650.254,-25041.8,-86732.4,-2868.84,-133.382,38.5108,0,7.35474e-031,-2.50868e-032,3.12686e-030,6.83065e-029,8.4612e-028,-1.26653e-028,-3.81059e-014,3.07625e-015,0
581,4,-18.3719,37.2472,-651.951,-25002.7,-86941.6,-2988.01,-133.356,38.3506,0,5.25543e-031,-4.74542e-032,2.13821e-030,4.7167e-029,5.93351e-028,-8.64314e-029,-2.67222e-014,2.12421e-015,0
582,0,-18.4683,37.9895,-653.625,-24962,-87145.9,-3105.84,-133.327,38.1901,0,3.42185e-031,-5.46566e-032,1.31486e-030,2.93893e-029,3.77279e-028,-5.30014e-029,-1.69911e-014,1.32358e-015,0
582,1,-18.5801,38.7195,-655.268,-24917.9,-87345.7,-3220.82,-133.298,38.0271,0,1.95966e-031,-5.22813e-032,6.84704e-031,1.5664e-029,2.08067e-028,-2.74617e-029,-9.3705e-015,7.05446e-016,0
582,2,-18.708,39.4318,-656.883,-24870.9,-87542.7,-3331.9,-133.27,37.8619,0,8.85334e-032,-4.46823e-032,2.40764e-031,5.90515e-030,8.59713e-029,-9.50353e-030,-3.8718e-015,2.65944e-016,0
582,3,-18.8513,40.1257,-658.476,-24822.3,-87738.8,-3438.71,-133.245,37.6965,0,1.62093e-032,-3.4986e-032,-4.31859e-032,-4.09782e-031,5.52233e-030,1.95463e-030,2.48704e-016,1.84549e-017,0
582,4,-19.0075,40.8045,-660.057,-24773.4,-87935.3,-3541.26,-133.224,37.5322,0,-2.73061e-032,-2.52399e-032,-2.01294e-031,-3.9917e-030,-4.13903e-029,8.30947e-030,-1.86405e-015,1.7977e-016,0
583,0,-19.1738,41.4737,-661.628,-24724.5,-88131.5,-3639.79,-133.204,37.3692,0,-4.90697e-032,-1.66271e-032,-2.68199e-031,-5.57522e-030,-6.3428e-029,1.09725e-029,-2.85654e-015,2.51086e-016,0
583,1,-19.3481,42.1384,-663.187,-24675.5,-88325.5,-3735.05,-133.183,37.2075,0,-5.57324e-032,-9.69284e-033,-2.7469e-031,-5.82096e-030,-6.85364e-029,1.11954e-029,-3.0866e-015,2.62153e-016,0
583,2,-19.5289,42.8017,-664.73,-24626.6,-88515.3,-3828.62,-133.16,37.0475,0,-5.29185e-032,-4.55033e-033,-2.45673e-031,-5.26825e-030,-6.33022e-029,9.9888e-030,-2.85088e-015,2.37261e-016,0
583,3,-19.7137,43.4655,-666.253,-24576.8,-88700,-3922.47,-133.133,36.8881,0,-4.49914e-032,-1.05113e-033,-1.99698e-031,-4.32236e-030,-5.27456e-029,8.10415e-030,-2.37545e-015,1.94662e-016,0
583,4,-19.8982,44.1317,-667.755,-24524.7,-88880.1,-4018.05,-133.103,36.727,0,-3.50696e-032,1.08607e-033,-1.49456e-031,-3.26318e-030,-4.03875e-029,6.05434e-030,-1.81889e-015,1.46961e-016,0
584,0,-20.078,44.804,-669.234,-24468.9,-89056.5,-4115.75,-133.072,36.5626,0,-2.51838e-032,2.18536e-033,-1.02751e-031,-2.26515e-030,-2.8467e-029,4.15397e-030,-1.28204e-015,1.02013e-016,0
584,1,-20.2498,45.4862,-670.681,-24410.2,-89229.8,-4214.96,-133.043,36.3961,0,-1.64975e-032,2.55685e-033,-6.36468e-032,-1.42127e-030,-1.82193e-029,2.5661e-030,-8.20522e-016,6.40085e-017,0
584,2,-20.4136,46.1815,-672.089,-24350.5,-89400.3,-4314.76,-133.019,36.2311,0,-9.53634e-033,2.4656e-033,-3.35756e-032,-7.66632e-031,-1.01551e-029,1.3472e-030,-4.57346e-016,3.4526e-017,0
584,3,-20.5712,46.8913,-673.447,-24291.6,-89568.4,-4414.38,-133,36.0706,0,-4.39705e-033,2.11918e-033,-1.22831e-032,-2.98843e-031,-4.30791e-030,4.85778e-031,-1.94011e-016,1.34587e-017,0
584,4,-20.7245,47.6155,-674.751,-24234,-89734.2,-4513.6,-132.989,35.9155,0,-9.1797e-034,1.66734e-033,1.42348e-033,5.74218e-033,-4.32432e-031,-6.74166e-032,1.9475e-017,2.58605e-019,0
585,0,-20.8739,48.3518,-676,-24177.4,-89897.6,-4612.45,-132.985,35.7653,0,1.19178e-033,1.20877e-033,9.1344e-033,1.80179e-031,1.84734e-030,-3.77439e-031,-8.31966e-017,8.11455e-018,0
585,1,-21.0194,49.0969,-677.199,-24121.1,-90057.8,-4711.1,-132.986,35.6189,0,2.26269e-033,8.00993e-034,1.24788e-032,2.5899e-031,2.93784e-030,-5.10686e-031,-1.32309e-016,1.16639e-017,0
585,2,-21.1623,49.8484,-678.356,-24064,-90213.7,-4809.99,-132.989,35.4739,0,2.60864e-033,4.71045e-034,1.29138e-032,2.73425e-031,3.21457e-030,-5.26411e-031,-1.44771e-016,1.23139e-017,0
585,3,-21.3047,50.6072,-679.48,-24004.6,-90363.9,-4909.78,-132.99,35.3279,0,2.49653e-033,2.25181e-034,1.16243e-032,2.49125e-031,2.99041e-030,-4.7269e-031,-1.34676e-016,1.12196e-017,0
585,4,-21.4469,51.3771,-680.573,-23941.9,-90507.8,-5010.63,-132.988,35.1791,0,2.13443e-033,5.69737e-035,9.49699e-033,2.05451e-031,2.505e-030,-3.85447e-031,-1.12815e-016,9.2527e-018,0
586,0,-21.5861,52.1604,-681.634,-23875.2,-90645.6,-5111.81,-132.983,35.0264,0,1.67175e-033,-4.65299e-035,7.14161e-033,1.55846e-031,1.92726e-030,-2.89331e-031,-8.67959e-017,7.0187e-018,0
586,1,-21.7185,52.9557,-682.661,-23804.3,-90777.3,-5212.13,-132.976,34.8698,0,1.20643e-033,-1.00492e-034,4.93592e-033,1.08745e-031,1.3653e-030,-1.99574e-031,-6.14878e-017,4.89745e-018,0
586,2,-21.8419,53.7595,-683.657,-23729.9,-90902.8,-5310.71,-132.965,34.7102,0,7.95049e-034,-1.19536e-034,3.07927e-033,6.86991e-032,8.79429e-031,-1.24174e-031,-3.9606e-017,3.09393e-018,0
586,3,-21.9567,54.5679,-684.63,-23654.4,-91022.3,-5407.35,-132.951,34.5506,0,4.63737e-034,-1.16234e-034,1.64466e-033,3.74839e-032,4.95225e-031,-6.60175e-032,-2.2303e-017,1.68813e-018,0
586,4,-22.0651,55.3782,-685.59,-23580.8,-91136.9,-5502.27,-132.932,34.3949,0,2.1796e-034,-1.00478e-034,6.23745e-034,1.50677e-032,2.15283e-031,-2.47096e-032,-9.69549e-018,6.78588e-019,0
587,0,-22.1701,56.1887,-686.547,-23510.6,-91248.5,-5595.93,-132.909,34.2448,0,5.06638e-035,-7.94388e-035,-3.75971e-035,3.82988e-034,2.86631e-032,1.98641e-033,1.29087e-018,-1.72482e-020,0
587,1,-22.2752,56.9977,-687.506,-23443,-91358.9,-5688.81,-132.885,34.0987,0,-5.15638e-035,-5.78715e-035,-4.13354e-034,-8.10566e-033,-8.20517e-032,1.70985e-032,-3.69528e-018,3.65046e-019,0
587,2,-22.3828,57.803,-688.469,-23374.7,-91470.3,-5781.41,-132.861,33.9517,0,-1.04192e-034,-3.85716e-035,-5.80114e-034,-1.20198e-032,-1.35925e-031,2.37486e-032,-6.1215e-018,5.41324e-019,0
587,3,-22.4919,58.6017,-689.435,-23302.4,-91584.5,-5874.05,-132.84,33.7993,0,-1.22028e-034,-2.28764e-035,-6.06829e-034,-1.28372e-032,-1.50693e-031,2.47407e-032,-6.78663e-018,5.78136e-019,0
587,4,-22.5984,59.3902,-690.41,-23225.3,-91702.3,-5966.59,-132.823,33.6399,0,-1.17735e-034,-1.1125e-035,-5.49839e-034,-1.17766e-032,-1.41218e-031,2.23614e-032,-6.35991e-018,5.30373e-019,0
588,0,-22.697,60.1648,-691.401,-23143.5,-91824.4,-6058.21,-132.809,33.4734,0,-1.01229e-034,-3.0421e-036,-4.51518e-034,-9.7628e-033,-1.18934e-031,1.83274e-032,-5.3563e-018,4.39678e-019,0
588,1,-22.7854,60.9222,-692.411,-23058,-91950.5,-6147.79,-132.798,33.301,0,-7.96699e-035,1.96785e-036,-3.41156e-034,-7.44097e-033,-9.19414e-032,1.38229e-032,-4.14067e-018,3.35112e-019,0
588,2,-22.8647,61.6598,-693.436,-22970.1,-92079.9,-6234.36,-132.788,33.1251,0,-5.77759e-035,4.61371e-036,-2.37029e-034,-5.21888e-033,-6.54603e-032,9.58503e-033,-2.94807e-018,2.35037e-019,0
588,3,-22.9388,62.3768,-694.468,-22882.7,-92209.9,-6317.45,-132.778,32.95,0,-3.82996e-035,5.58488e-036,-1.48901e-034,-3.31906e-033,-4.24305e-032,6.00568e-033,-1.9109e-018,1.49477e-019,0
588,4,-23.0128,63.0733,-695.498,-22798.5,-92337.8,-6397.22,-132.765,32.7801,0,-2.25354e-035,5.4774e-036,-8.04793e-035,-1.83105e-033,-2.41307e-032,3.2317e-033,-1.08675e-018,8.24631e-020,0
589,0,-23.0913,63.7508,-696.52,-22718.4,-92462.1,-6474.13,-132.749,32.617,0,-1.07849e-035,4.76256e-036,-3.15448e-035,-7.57204e-034,-1.07322e-032,1.2515e-033,-4.83337e-019,3.41014e-020,0
589,1,-23.1776,64.413,-697.534,-22640.5,-92582.9,-6548.47,-132.729,32.458,0,-2.74318e-036,3.78374e-036,3.51076e-037,-4.95182e-035,-1.74921e-033,-3.62323e-035,7.87772e-020,-2.2301e-021,0
589,2,-23.2733,65.0654,-698.543,-22561.2,-92702,-6620.27,-132.708,32.2975,0,2.2075e-036,2.76986e-036,1.86478e-035,3.63271e-034,3.62415e-033,-7.72294e-034,-1.63217e-019,1.63602e-020,0
589,3,-23.3785,65.714,-699.546,-22476.3,-92820.6,-6689.48,-132.687,32.1298,0,4.79071e-036,1.85668e-036,2.69442e-035,5.57293e-034,6.28147e-033,-1.10342e-033,-2.82892e-019,2.50982e-020,0
589,4,-23.4926,66.3631,-700.541,-22382.8,-92939.3,-6756.16,-132.668,31.9508,0,5.70476e-036,1.11029e-036,2.85018e-035,6.02403e-034,7.0604e-033,-1.16224e-033,-3.17972e-019,2.71298e-020,0
590,0,-23.6147,67.0161,-701.519,-22280.2,-93057.4,-6820.64,-132.651,31.7599,0,5.55014e-036,5.48776e-037,2.59993e-035,5.56518e-034,6.66647e-033,-1.05749e-033,-3.00231e-019,2.50633e-020,0
590,1,-23.7436,67.6765,-702.472,-22170.7,-93174.3,-6883.49,-132.638,31.5609,0,4.79953e-036,1.60505e-037,2.14606e-035,4.63785e-034,5.64516e-033,-8.7119e-034,-2.54236e-019,2.0887e-020,0
590,2,-23.8772,68.3482,-703.393,-22058.2,-93289.5,-6945.4,-132.628,31.3598,0,3.79574e-036,-8.18683e-038,1.62925e-035,3.55173e-034,4.38492e-033,-6.60207e-034,-1.97479e-019,1.59956e-020,0
590,3,-24.0134,69.0335,-704.28,-21946.2,-93402.9,-7007.36,-132.622,31.1611,0,2.76606e-036,-2.1146e-037,1.13786e-035,2.50381e-034,3.13755e-033,-4.60188e-034,-1.41303e-019,1.12762e-020,0
590,4,-24.1512,69.7316,-705.139,-21835.8,-93513.6,-7070.66,-132.617,30.9667,0,1.84426e-036,-2.60758e-037,7.19673e-036,1.60279e-034,2.0463e-033,-2.90321e-034,-9.2157e-020,7.21834e-021,0
591,0,-24.29,70.4379,-705.973,-21727.4,-93620.6,-7136.48,-132.612,30.7765,0,1.09439e-036,-2.58013e-037,3.93433e-036,8.93658e-035,1.17491e-033,-1.58042e-034,-5.29132e-020,4.02468e-021,0
591,1,-24.4304,71.1461,-706.786,-21620.4,-93722.7,-7205.4,-132.604,30.5898,0,5.32771e-037,-2.25673e-037,1.58954e-036,3.79393e-035,5.33825e-034,-6.3146e-035,-2.40414e-020,1.70863e-021,0
591,2,-24.5735,71.8511,-707.572,-21513.8,-93819.1,-7277.31,-132.593,30.405,0,1.46349e-037,-1.80173e-037,5.1883e-038,3.84821e-036,1.01588e-034,-1.05654e-036,-4.57513e-021,1.73308e-022,0
591,3,-24.7211,72.5505,-708.326,-21406.8,-93909.5,-7351.58,-132.579,30.2216,0,-9.32739e-038,-1.32532e-037,-8.38379e-037,-1.62113e-035,-1.59039e-034,3.47678e-035,-7.16248e-021,7.30091e-022,0
591,4,-24.8756,73.2439,-709.047,-21300.2,-93994.4,-7427.17,-132.564,30.0407,0,-2.19925e-037,-8.93394e-038,-1.25028e-036,-2.58117e-035,-2.89925e-034,5.12199e-035,-1.30571e-020,1.16246e-021,0
592,0,-25.0389,73.9325,-709.737,-21196,-94074.7,-7502.52,-132.549,29.8646,0,-2.66522e-037,-5.38543e-038,-1.33804e-036,-2.82541e-035,-3.30612e-034,5.45723e-035,-1.48895e-020,1.27245e-021,0
592,1,-25.2117,74.6179,-710.406,-21095.7,-94152.6,-7575.97,-132.534,29.6953,0,-2.61537e-037,-2.70313e-038,-1.22897e-036,-2.62898e-035,-3.14588e-034,4.99934e-035,-1.41678e-020,1.18399e-021,0
592,2,-25.3942,75.3025,-711.059,-20999.6,-94230.1,-7646.52,-132.521,29.5329,0,-2.2749e-037,-8.38654e-039,-1.01973e-036,-2.2026e-035,-2.67868e-034,4.14003e-035,-1.20637e-020,9.91961e-022,0
592,3,-25.5855,75.9886,-711.696,-20906.3,-94308.7,-7714.53,-132.513,29.3752,0,-1.80791e-037,3.33315e-039,-7.77857e-037,-1.69484e-035,-2.0907e-034,3.15237e-035,-9.41567e-021,7.63289e-022,0
592,4,-25.7849,76.6788,-712.312,-20813.7,-94387.8,-7781.13,-132.509,29.2198,0,-1.32387e-037,9.67401e-039,-5.46049e-037,-1.20084e-035,-1.50337e-034,2.20868e-035,-6.77059e-021,5.40811e-022,0
593,0,-25.9922,77.3756,-712.897,-20719.6,-94466,-7847.21,-132.51,29.064,0,-8.87732e-038,1.21663e-038,-3.47668e-037,-7.73645e-036,-9.8645e-035,1.40277e-035,-4.44258e-021,3.48419e-022,0
593,1,-26.2086,78.0815,-713.439,-20622.3,-94541.7,-7912.92,-132.515,28.9055,0,-5.31134e-038,1.21487e-038,-1.92158e-037,-4.3579e-036,-5.71635e-035,7.72163e-036,-2.57441e-021,1.96262e-022,0
593,2,-26.4351,78.7988,-713.933,-20521.4,-94613.3,-7978.08,-132.524,28.7441,0,-2.62783e-038,1.06902e-038,-7.98371e-038,-1.89583e-036,-2.64983e-035,3.17535e-036,-1.19338e-021,8.53804e-023,0
593,3,-26.6715,79.5301,-714.374,-20418.2,-94678.7,-8042.42,-132.534,28.5819,0,-7.71635e-039,8.57706e-039,-5.73951e-039,-2.54222e-037,-5.70804e-036,1.82885e-037,-2.57067e-022,1.14491e-023,0
593,4,-26.9167,80.2777,-714.762,-20314.9,-94735.6,-8106,-132.541,28.4219,0,3.87583e-039,6.33952e-039,3.75473e-038,7.1993e-037,6.92588e-036,-1.55944e-036,-3.11914e-022,3.24228e-023,0
594,0,-27.1686,81.0426,-715.096,-20213,-94782.4,-8169.48,-132.545,28.2662,0,1.00787e-038,4.29721e-039,5.79585e-038,1.19419e-036,1.3364e-035,-2.37527e-036,-6.01862e-022,5.37813e-023,0
594,1,-27.4239,81.8244,-715.378,-20112.9,-94819,-8233.82,-132.544,28.1151,0,1.24434e-038,2.61064e-039,6.27838e-038,1.32448e-036,1.54723e-035,-2.56114e-036,-6.96812e-022,5.96494e-023,0
594,2,-27.6788,82.622,-715.611,-20013.1,-94846.6,-8299.74,-132.539,27.9664,0,1.23194e-038,1.3297e-039,5.80728e-038,1.24149e-036,1.48398e-035,-2.36266e-036,-6.68325e-022,5.59116e-023,0
594,3,-27.9317,83.4343,-715.8,-19910.3,-94867.3,-8367.61,-132.533,27.8154,0,1.07793e-038,4.34681e-040,4.84404e-038,1.04575e-036,1.27069e-035,-1.96685e-036,-5.72266e-022,4.70964e-023,0
594,4,-28.1831,84.2594,-715.95,-19800.7,-94882.4,-8437.61,-132.526,27.6565,0,8.60871e-039,-1.31733e-040,3.71269e-038,8.08532e-037,9.96554e-036,-1.50478e-036,-4.48808e-022,3.64131e-023,0
595,0,-28.4342,85.0951,-716.065,-19682.1,-94892.2,-8509.75,-132.519,27.4865,0,6.33433e-039,-4.41688e-040,2.61958e-038,5.75746e-037,7.20128e-036,-1.05971e-036,-3.24317e-022,2.59293e-023,0
595,1,-28.6849,85.9385,-716.146,-19555.5,-94896,-8584.05,-132.509,27.3065,0,4.27146e-039,-5.67237e-040,1.67877e-038,3.73262e-037,4.75338e-036,-6.77468e-037,-2.14073e-022,1.68102e-023,0
595,2,-28.9332,86.7871,-716.195,-19423.9,-94892.9,-8660.61,-132.496,27.1209,0,2.57615e-039,-5.71793e-040,9.37702e-039,2.12342e-037,2.77924e-036,-3.76927e-037,-1.25166e-022,9.56301e-024,0
595,3,-29.1757,87.6403,-716.218,-19290.8,-94882.6,-8739.6,-132.477,26.9342,0,1.29428e-039,-5.0624e-040,3.99825e-039,9.45036e-038,1.31285e-036,-1.59192e-037,-5.91256e-023,4.25606e-024,0
595,4,-29.4083,88.4981,-716.221,-19158.8,-94865.4,-8821,-132.453,26.7498,0,4.02963e-040,-4.08194e-040,4.29031e-040,1.54857e-038,3.13225e-037,-1.50247e-038,-1.41064e-023,6.97416e-025,0
596,0,-29.6278,89.3601,-716.203,-19029,-94841.7,-8904.56,-132.423,26.5693,0,-1.57547e-040,-3.03156e-040,-1.67425e-039,-3.17927e-038,-2.98856e-037,6.96557e-038,-1.34593e-023,1.43181e-024,0
596,1,-29.8337,90.2258,-716.158,-18901.6,-94811.4,-8989.77,-132.389,26.393,0,-4.61029e-040,-2.06619e-040,-2.68392e-039,-5.51845e-038,-6.15143e-037,1.10037e-037,-2.77036e-023,2.48529e-024,0
596,2,-30.0276,91.0956,-716.071,-18775.3,-94773.6,-9075.89,-132.352,26.2199,0,-5.80551e-040,-1.26481e-040,-2.94444e-039,-6.20551e-038,-7.23652e-037,1.20136e-037,-3.25904e-023,2.79471e-024,0
596,3,-30.2109,91.9714,-715.926,-18647.8,-94728.2,-9162.25,-132.316,26.0471,0,-5.80053e-040,-6.53271e-041,-2.74318e-039,-5.86065e-038,-6.99761e-037,1.11619e-037,-3.15144e-023,2.6394e-024,0
596,4,-30.3834,92.8541,-715.71,-18515.6,-94675.1,-9248.68,-132.281,25.8702,0,-5.10611e-040,-2.23773e-041,-2.30041e-039,-4.96354e-038,-6.02596e-037,9.34148e-038,-2.71385e-023,2.23538e-024,0
597,0,-30.5433,93.7429,-715.411,-18375.4,-94614.9,-9335.56,-132.252,25.685,0,-4.09807e-040,4.98582e-042,-1.77157e-039,-3.85609e-038,-4.74886e-037,7.18109e-038,-2.1387e-023,1.73663e-024,0
597,1,-30.6871,94.6361,-715.031,-18225.4,-94548.6,-9423.32,-132.23,25.489,0,-3.0299e-040,2.01226e-041,-1.25629e-039,-2.75958e-038,-3.44841e-037,5.08279e-038,-1.55303e-023,1.2428e-024,0
597,2,-30.8111,95.5328,-714.572,-18066.4,-94477.3,-9512.08,-132.215,25.2828,0,-2.05451e-040,2.64271e-041,-8.10256e-040,-1.80011e-038,-2.28958e-037,3.27035e-038,-1.03114e-023,8.10697e-025,0
597,3,-30.9132,96.4338,-714.043,-17900.8,-94400.8,-9601.37,-132.206,25.0696,0,-1.24877e-040,2.69007e-041,-4.57203e-040,-1.03388e-038,-1.35033e-037,1.83836e-038,-6.08136e-024,4.65617e-025,0
597,4,-30.9926,97.3403,-713.451,-17732.1,-94317.1,-9690.5,-132.199,24.854,0,-6.36624e-041,2.39664e-041,-1.99705e-040,-4.69996e-039,-6.4932e-038,7.95938e-039,-2.92428e-024,2.11667e-025,0
598,0,-31.0494,98.2523,-712.797,-17563.8,-94223.6,-9779.11,-132.189,24.6408,0,-2.08765e-041,1.9422e-041,-2.78466e-041,-8.98232e-040,-1.68856e-038,1.01594e-039,-7.60462e-025,4.04528e-026,0
598,1,-31.0827,99.1663,-712.077,-17398.4,-94118.3,-9867.46,-132.174,24.4334,0,6.21196e-042,1.44922e-041,7.42842e-041,1.39429e-039,1.27532e-038,-3.09687e-039,-5.74354e-025,6.27933e-026,0
598,2,-31.0919,100.076,-711.283,-17237.5,-94000.4,-9956.39,-132.156,24.2344,0,2.10461e-041,9.931e-042,1.24148e-040,2.54616e-039,2.82726e-038,-5.09232e-039,-1.27328e-024,1.14669e-025,0
598,3,-31.0767,100.975,-710.407,-17081.8,-93870.5,-10047,-132.136,24.0451,0,2.70661e-041,6.12508e-042,1.38015e-040,2.90629e-039,3.38245e-038,-5.63182e-039,-1.52332e-024,1.30888e-025,0
598,4,-31.0376,101.857,-709.447,-16930.9,-93729.5,-10140.2,-132.116,23.8649,0,2.73001e-041,3.20617e-042,1.29533e-040,2.76616e-039,3.29838e-038,-5.27168e-039,-1.48546e-024,1.24577e-025,0
599,0,-30.9756,102.717,-708.405,-16782.8,-93578.5,-10237,-132.098,23.691,0,2.41794e-041,1.14486e-042,1.09213e-040,2.35558e-039,2.85683e-038,-4.43511e-039,-1.2866e-024,1.06086e-025,0
599,1,-30.8914,103.558,-707.277,-16634.8,-93418.5,-10338.2,-132.082,23.5195,0,1.95033e-041,-1.76564e-043,8.45095e-041,1.8385e-039,2.2624e-038,-3.42617e-039,-1.01889e-024,8.27988e-026,0
599,2,-30.7849,104.381,-706.062,-16484.7,-93250.1,-10444.3,-132.071,23.3474,0,1.4488e-041,-9.15048e-043,6.02306e-041,1.32283e-039,1.65087e-038,-2.43686e-039,-7.43486e-025,5.95748e-026,0
599,3,-30.6557,105.19,-704.759,-16331.3,-93073.5,-10555.1,-132.064,23.1729,0,9.87775e-042,-1.23034e-042,3.90892e-041,8.67404e-040,1.1024e-038,-1.57786e-039,-4.96477e-025,3.90644e-026,0
599,4,-30.5047,105.987,-703.366,-16173.5,-92888.3,-10669.4,-132.063,22.9944,0,6.04941e-042,-1.26537e-042,2.2275e-041,5.03066e-040,6.55668e-039,-8.96831e-040,-2.95286e-025,2.26561e-026,0
600,0,-30.3341,106.778,-701.885,-16009.6,-92693.8,-10784.9,-132.064,22.8095,0,3.1277e-042,-1.13365e-042,9.95062e-042,2.32616e-040,3.20617e-039,-3.96567e-040,-1.44393e-025,1.04761e-026,0
600,1,-30.1457,107.565,-700.318,-15838.3,-92489.4,-10899.7,-132.068,22.6159,0,1.0748e-042,-9.23456e-043,1.67876e-042,5.04467e-041,8.98232e-040,-6.30584e-041,-4.04528e-026,2.27192e-027,0
600,2,-29.9388,108.35,-698.671,-15658.5,-92275.5,-11012.7,-132.073,22.4119,0,-2.34017e-043,-6.92241e-043,-3.27624e-042,-6.02558e-041,-5.36697e-040,1.37327e-040,-2.41707e-026,2.71368e-027,0
600,3,-29.7112,109.133,-696.95,-15470.4,-92053.8,-11123,-132.081,22.1973,0,-9.58488e-043,-4.77843e-043,-5.73551e-042,-1.17709e-040,-1.2976e-039,2.35418e-040,-5.84388e-026,5.30115e-027,0
600,4,-29.4601,109.915,-695.167,-15275.3,-91826.4,-11230.6,-132.092,21.9735,0,-1.26117e-042,-2.97075e-043,-6.46559e-042,-1.35926e-040,-1.57926e-039,2.63444e-040,-7.11237e-026,6.12156e-027,0
601,0,-29.1842,110.701,-693.336,-15075.7,-91594.8,-11335.7,-132.107,21.7437,0,-1.28359e-042,-1.56945e-043,-6.11387e-042,-1.30321e-040,-1.55404e-039,2.49431e-040,-6.99877e-026,5.86913e-027,0
601,1,-28.8842,111.495,-691.464,-14875.1,-91359.4,-11439.6,-132.125,21.5125,0,-1.14486e-042,-5.88545e-044,-5.1834e-042,-1.12104e-040,-1.35365e-039,2.10195e-040,-6.09632e-026,5.04871e-027,0
601,2,-28.5621,112.3,-689.554,-14677,-91119.6,-11543.5,-132.143,21.2847,0,-9.2766e-043,5.60519e-045,-4.03013e-042,-8.82818e-041,-1.0776e-039,1.63952e-040,-4.85307e-026,3.97586e-027,0
601,3,-28.2201,113.115,-687.608,-14483.8,-90873.8,-11649,-132.159,21.064,0,-6.92241e-043,4.2039e-044,-2.88667e-042,-6.30584e-041,-7.90332e-040,1.16308e-040,-3.55934e-026,2.8399e-027,0
601,4,-27.8604,113.936,-685.62,-14295.6,-90619.1,-11757.5,-132.171,20.8506,0,-4.7504e-043,5.74532e-044,-1.88475e-042,-4.2039e-041,-5.31092e-040,7.56701e-041,-2.39183e-026,1.89327e-027,0
602,0,-27.4853,114.756,-683.584,-14109.7,-90353,-11870.3,-132.175,20.6408,0,-2.92871e-043,5.88545e-044,-1.08461e-042,-2.52234e-041,-3.18095e-040,4.34403e-041,-1.43257e-026,1.13596e-027,0
602,1,-27.0976,115.571,-681.491,-13921.4,-90074,-11988.4,-132.172,20.4279,0,-1.52742e-043,5.32493e-044,-4.94658e-043,-1.12104e-041,-1.58347e-040,1.96182e-041,-7.1313e-027,5.04871e-028,0
602,2,-26.6992,116.381,-679.329,-13725.9,-89782.1,-12111.6,-132.163,20.2051,0,-5.46506e-044,4.34403e-044,-9.66896e-044,-2.8026e-042,-4.76441e-041,4.2039e-042,-2.1457e-027,1.26218e-028,0
602,3,-26.2912,117.187,-677.084,-13520.6,-89477.5,-12238.9,-132.151,19.9688,0,8.40779e-045,3.36312e-044,1.42932e-043,2.8026e-042,2.24208e-041,-5.60519e-042,-1.00974e-027,1.26218e-028,0
602,4,-25.8749,117.995,-674.741,-13305.7,-89160.3,-12368.7,-132.14,19.7197,0,4.34403e-044,2.24208e-044,2.64845e-043,5.60519e-042,5.88545e-041,-1.12104e-041,-2.65057e-027,2.52435e-028,0
603,0,-25.4519,118.807,-672.292,-13082.9,-88830,-12499.4,-132.13,19.4602,0,5.88545e-044,1.4013e-044,3.0268e-043,7.00649e-042,7.42688e-041,-1.26117e-041,-3.34477e-027,3.15544e-028,0
603,1,-25.0232,119.621,-669.737,-12854.6,-88486.5,-12629.4,-132.121,19.1936,0,6.02558e-044,7.00649e-045,2.88667e-043,7.00649e-042,7.28675e-041,-1.26117e-041,-3.28166e-027,3.15544e-028,0
603,2,-24.5886,120.435,-667.088,-12623.6,-88129.7,-12757.8,-132.111,18.9235,0,5.46506e-044,2.8026e-045,2.46629e-043,5.60519e-042,6.44597e-041,-9.80909e-042,-2.90301e-027,2.52435e-028,0
603,3,-24.1468,121.247,-664.365,-12393,-87760.5,-12884.1,-132.097,18.6539,0,4.48416e-044,-0,1.91978e-043,4.2039e-042,5.1848e-041,-8.40779e-042,-2.33503e-027,1.89327e-028,0
603,4,-23.6962,122.053,-661.588,-12164.9,-87379.9,-13008,-132.076,18.3874,0,3.36312e-044,-1.4013e-045,1.38729e-043,2.8026e-042,3.78351e-041,-5.60519e-042,-1.70394e-027,1.26218e-028,0
604,0,-23.2355,122.852,-658.768,-11939.5,-86990.4,-13129.5,-132.05,18.124,0,2.24208e-044,-2.8026e-045,9.10844e-044,2.8026e-042,2.52234e-041,-4.2039e-042,-1.13596e-027,1.26218e-028,0
604,1,-22.7628,123.643,-655.909,-11716.2,-86594.8,-13248.7,-132.023,17.8626,0,1.4013e-044,-2.8026e-045,5.32493e-044,1.4013e-042,1.54143e-041,-2.8026e-042,-6.94198e-028,6.31089e-029,0
604,2,-22.277,124.422,-653.003,-11494.1,-86195.3,-13365.1,-131.998,17.6019,0,7.00649e-045,-2.8026e-045,2.38221e-044,0,8.40779e-042,-1.4013e-042,-3.78653e-028,0,0
604,3,-21.7779,125.187,-650.041,-11272.6,-85793.6,-13478.2,-131.982,17.3414,0,2.8026e-045,-1.4013e-045,5.60519e-045,0,2.8026e-042,0,-1.26218e-028,0,0
604,4,-21.2662,125.931,-647.016,-11051.8,-85390.6,-13588,-131.976,17.0812,0,0,-1.4013e-045,-5.60519e-045,0,-1.4013e-042,0,-6.31089e-029,-0,0
605,0,-20.7425,126.652,-643.927,-10832.7,-84986.5,-13694.9,-131.982,16.8229,0,-1.4013e-045,-1.4013e-045,-1.26117e-044,0,-2.8026e-042,0,-1.26218e-028,-0,0
605,1,-20.2076,127.346,-640.777,-10616.7,-84580.2,-13798.9,-131.996,16.5685,0,-2.8026e-045,-1.4013e-045,-1.4013e-044,0,-2.8026e-042,0,-1.26218e-028,-0,0
605,2,-19.664,128.018,-637.563,-10403.9,-84169.1,-13899.8,-132.017,16.3183,0,-2.8026e-045,0,-1.4013e-044,0,-2.8026e-042,0,-1.26218e-028,-0,0
605,3,-19.1161,128.671,-634.279,-10193.1,-83749.4,-13997.1,-132.039,16.0704,0,-2.8026e-045,0,-1.12104e-044,0,-2.8026e-042,0,-1.26218e-028,-0,0
605,4,-18.5685,129.307,-630.916,-9981.88,-83317.4,-14091.4,-132.058,15.8213,0,-1.4013e-045,0,-8.40779e-045,0,-2.8026e-042,0,-1.26218e-028,-0,0
606,0,-18.0237,129.931,-627.467,-9768.04,-82870.1,-14183.5,-132.071,15.5674,0,-1.4013e-045,0,-7.00649e-045,0,-1.4013e-042,0,-6.31089e-029,-0,0
606,1,-17.4804,130.542,-623.927,-9550.37,-82406.5,-14274.5,-132.077,15.3069,0,-1.4013e-045,0,-4.2039e-045,0,-1.4013e-042,0,-6.31089e-029,-0,0
606,2,-16.9337,131.138,-620.294,-9329.46,-81927.2,-14364.8,-132.078,15.0404,0,-1.4013e-045,0,-2.8026e-045,0,-1.4013e-042,0,-6.31089e-029,-0,0
606,3,-16.3769,131.714,-616.562,-9107.73,-81433.4,-14453.8,-132.077,14.7718,0,0,0,-1.4013e-045,0,0,0,0,-0,0
606,4,-15.8038,132.268,-612.722,-8888.53,-80926,-14540.7,-132.076,14.5066,0,0,0,0,0,0,0,0,-0,0
607,0,-15.21,132.798,-608.765,-8674.26,-80405.9,-14624.4,-132.08,14.2489,0,0,0,0,0,0,0,0,-0,0
607,1,-14.5943,133.307,-604.677,-8464.76,-79873,-14704.1,-132.092,13.9988,0,0,0,0,0,0,0,0,-0,0
607,2,-13.9565,133.797,-600.438,-8257.26,-79326.1,-14779.2,-132.114,13.7521,0,0,0,1.4013e-045,0,0,0,-0,0,0
607,3,-13.2961,134.27,-596.034,-8047.68,-78762.9,-14849.6,-132.145,13.502,0,0,0,0,0,0,0,0,-0,0
607,4,-12.6113,134.725,-591.461,-7832.22,-78181.5,-14915.2,-132.184,13.2421,0,0,0,0,0,0,0,0,-0,0
608,0,-11.9013,135.158,-586.727,-7609.03,-77581.5,-14975.2,-132.228,12.9686,0,0,0,0,0,0,0,0,-0,0
608,1,-11.1676,135.565,-581.844,-7379.09,-76963.9,-15028.8,-132.276,12.6823,0,0,0,0,0,0,0,0,-0,0
608,2,-10.4142,135.939,-576.827,-7145.77,-76330.9,-15075.1,-132.329,12.3881,0,0,0,0,0,0,0,0,-0,0
608,3,-9.64603,136.278,-571.685,-6913.35,-75684.3,-15113.9,-132.388,12.0929,0,0,0,0,0,0,0,0,-0,0
608,4,-8.86721,136.58,-566.425,-6685.76,-75024.5,-15145.4,-132.453,11.8034,0,0,0,0,0,0,0,0,-0,0
609,0,-8.08004,136.844,-561.049,-6465.63,-74350.2,-15170,-132.52,11.5242,0,0,0,0,0,0,0,0,-0,0
609,1,-7.28395,137.072,-555.557,-6254.25,-73659.7,-15188.2,-132.587,11.2576,0,0,0,0,0,0,0,0,-0,0
609,2,-6.47615,137.265,-549.949,-6052,-72951.8,-15200.7,-132.652,11.0047,0,0,0,0,0,0,0,0,-0,0
609,3,-5.65349,137.425,-544.227,-5858.37,-72225.6,-15208.3,-132.712,10.7646,0,0,0,0,0,0,0,0,-0,0
609,4,-4.81441,137.555,-538.396,-5671.19,-71480.9,-15211.7,-132.766,10.5335,0,0,0,0,0,0,0,0,-0,0
610,0,-3.95867,137.653,-532.457,-5487.04,-70718.6,-15210.9,-132.816,10.3051,0,0,0,0,0,0,0,0,-0,0
610,1,-3.08533,137.716,-526.408,-5302.6,-69940.3,-15206,-132.863,10.0732,0,0,0,0,0,0,0,0,-0,0
610,2,-2.19161,137.744,-520.243,-5115.38,-69148.3,-15197.3,-132.915,9.83268,0,0,0,0,0,0,0,0,-0,0
610,3,-1.27387,137.737,-513.954,-4923.45,-68344.2,-15185.2,-132.977,9.57954,0,0,0,0,0,0,0,0,-0,0
610,4,-0.329284,137.696,-507.535,-4725.67,-67529.5,-15170.2,-133.054,9.31103,0,0,0,0,0,0,0,0,-0,0
611,0,0.643127,137.625,-500.985,-4522.68,-66705.8,-15152.2,-133.149,9.02759,0,0,0,0,0,0,0,0,-0,0
611,1,1.64212,137.525,-494.312,-4317.15,-65874.7,-15131.1,-133.265,8.73365,0,0,0,0,0,0,0,0,-0,0
611,2,2.66396,137.391,-487.531,-4113.2,-65036.6,-15106.3,-133.4,8.43678,0,0,0,0,0,0,0,0,-0,0
611,3,3.70296,137.218,-480.66,-3915.66,-64190.4,-15077,-133.546,8.14643,0,0,0,0,0,0,0,0,-0,0
611,4,4.75331,136.997,-473.711,-3729.03,-63334.3,-15042,-133.698,7.87195,0,0,0,0,0,0,0,0,-0,0
612,0,5.81068,136.727,-466.692,-3556.35,-62467.1,-15000.3,-133.851,7.62034,0,0,0,0,0,0,0,0,-0,0
612,1,6.87208,136.406,-459.601,-3398.82,-61588.3,-14951.2,-134.004,7.39516,0,0,0,0,0,0,0,0,-0,0
612,2,7.93468,136.032,-452.428,-3255.76,-60698.3,-14893.8,-134.161,7.1962,0,0,0,0,0,0,0,0,-0,0
612,3,8.99477,135.596,-445.161,-3125.21,-59797.7,-14826.7,-134.328,7.02041,0,0,0,0,0,0,0,0,-0,0
612,4,10.0479,135.087,-437.788,-3005.15,-58886.1,-14748.4,-134.508,6.8644,0,0,0,0,0,0,0,0,-0,0
613,0,11.0897,134.495,-430.294,-2893.98,-57962.5,-14658.5,-134.704,6.7256,0,0,0,0,0,0,0,0,-0,0
613,1,12.1165,133.819,-422.667,-2790.39,-57025.2,-14557.5,-134.918,6.60186,0,0,0,0,0,0,0,0,-0,0
613,2,13.1239,133.062,-414.89,-2692.97,-56072.8,-14446.4,-135.151,6.4908,0,0,0,0,0,0,0,0,-0,0
613,3,14.1053,132.229,-406.947,-2600.13,-55104.6,-14325.5,-135.41,6.38936,0,0,0,0,0,0,0,0,-0,0
613,4,15.0536,131.329,-398.823,-2510.03,-54120.8,-14194.8,-135.701,6.29359,0,0,0,0,0,0,0,0,-0,0
614,0,15.9622,130.369,-390.513,-2420.78,-53122.1,-14054.5,-136.032,6.19897,0,0,0,0,0,0,0,0,-0,0
614,1,16.8268,129.358,-382.019,-2330.67,-52108.3,-13904.7,-136.403,6.10092,0,0,0,0,0,0,0,0,-0,0
614,2,17.6441,128.297,-373.347,-2238.6,-51078.3,-13745.2,-136.812,5.99603,0,0,0,0,0,0,0,0,-0,0
614,3,18.4119,127.184,-364.505,-2144.5,-50030,-13576,-137.255,5.88331,0,0,0,0,0,0,0,0,-0,0
614,4,19.1282,126.016,-355.494,-2048.86,-48962.4,-13397.2,-137.731,5.76342,0,0,0,0,0,0,0,0,-0,0
615,0,19.7909,124.788,-346.315,-1951.7,-47875.4,-13209.4,-138.242,5.63562,0,0,0,0,0,0,0,0,-0,0
615,1,20.3966,123.497,-336.977,-1852.13,-46770.7,-13012.5,-138.795,5.4963,0,0,0,0,0,0,0,0,-0,0
615,2,20.9398,122.135,-327.491,-1749.26,-45650.3,-12805.8,-139.394,5.34139,0,0,0,0,0,0,0,0,-0,0
615,3,21.4126,120.689,-317.873,-1643.21,-44516.1,-12586.9,-140.044,5.16939,0,0,0,0,0,0,0,0,-0,0
615,4,21.8059,119.147,-308.137,-1534.99,-43370.2,-12353.8,-140.75,4.9815,0,0,0,0,0,0,0,0,-0,0
616,0,22.1111,117.497,-298.3,-1426.06,-42214.3,-12105.1,-141.516,4.78062,0,0,0,0,0,0,0,0,-0,0
616,1,22.3215,115.73,-288.382,-1318.31,-41050.8,-11841.2,-142.348,4.57141,0,0,0,0,0,0,0,0,-0,0
616,2,22.4339,113.841,-278.413,-1213.72,-39882.3,-11563.1,-143.249,4.35944,0,0,0,0,0,0,0,0,-0,0
616,3,22.4481,111.828,-268.422,-1114.19,-38711.8,-11271.6,-144.22,4.15089,0,0,0,0,0,0,0,0,-0,0
616,4,22.3667,109.687,-258.445,-1022.13,-37542.4,-10967.5,-145.263,3.95493,0,0,0,0,0,0,0,0,-0,0
617,0,22.194,107.415,-248.516,-940.557,-36377.2,-10650.5,-146.378,3.78469,0,0,0,0,0,0,0,0,-0,0
617,1,21.935,105.01,-238.668,-871.616,-35219.4,-10319.8,-147.566,3.65201,0,0,0,0,0,0,0,0,-0,0
617,2,21.5943,102.468,-228.928,-814.947,-34072.9,-9974.31,-148.837,3.55984,0,0,0,0,0,0,0,0,-0,0
617,3,21.1759,99.7849,-219.32,-767.457,-32942.2,-9612.97,-150.202,3.49926,0,0,0,0,0,0,0,0,-0,0
617,4,20.6841,96.9595,-209.863,-724.773,-31831.7,-9234.93,-151.679,3.45355,0,0,0,0,0,0,0,0,-0,0
618,0,20.1234,93.9922,-200.575,-683.197,-30745.3,-8839.57,-153.286,3.40619,0,0,0,0,0,0,0,0,-0,0
618,1,19.4973,90.8864,-191.47,-640.852,-29685.5,-8426.9,-155.04,3.34701,0,0,0,0,0,0,0,0,-0,0
618,2,18.8075,87.6489,-182.562,-597.631,-28654.2,-7997.84,-156.956,3.27358,0,0,0,0,0,0,0,0,-0,0
618,3,18.0549,84.2887,-173.867,-554.681,-27652.4,-7554.05,-159.044,3.19027,0,0,0,0,0,0,0,0,-0,0
618,4,17.241,80.8158,-165.41,-513.741,-26681.1,-7097.69,-161.303,3.10586,0,0,0,0,0,0,0,0,-0,0
619,0,16.3716,77.2432,-157.226,-476.301,-25742,-6631.32,-163.726,3.0294,0,0,0,0,0,0,0,0,-0,0
619,1,15.458,73.5882,-149.349,-443.233,-24836.9,-6157.82,-166.301,2.96776,0,0,0,0,0,0,0,0,-0,0
619,2,14.5176,69.8731,-141.811,-415.264,-23968.5,-5680.59,-169.017,2.92828,0,0,0,0,0,0,0,0,-0,0
619,3,13.5715,66.1246,-134.639,-393.752,-23139.3,-5203.66,-171.861,2.92449,0,0,0,0,0,0,0,0,-0,0
619,4,12.6401,62.3736,-127.854,-381.021,-22351.4,-4731.61,-174.82,2.98013,0,0,0,0,0,0,0,0,-0,0
620,0,11.7405,58.6568,-121.462,-379.557,-21605.5,-4268.92,-177.879,3.1249,0,0,0,0,0,0,0,0,-0,0
620,1,10.8825,55.0157,-115.455,-390.156,-20900.3,-3819.6,-181.026,3.37929,0,0,0,0,0,0,0,0,-0,0
620,2,10.0693,51.4934,-109.808,-410.615,-20233.5,-3386.78,-184.262,3.73938,0,0,0,0,0,0,0,0,-0,0
620,3,9.30011,48.1273,-104.487,-436.607,-19602.3,-2972.59,-187.604,4.17856,0,0,0,0,0,0,0,0,-0,0
620,4,8.57266,44.9433,-99.4529,-464.037,-19004.1,-2578.06,-191.086,4.6659,0,0,0,0,0,0,0,0,-0,0
621,0,7.88374,41.9534,-94.665,-490.474,-18435.9,-2203.6,-194.749,5.18115,0,0,0,0,0,0,0,0,-0,0
621,1,7.22953,39.1557,-90.0883,-514.942,-17894.2,-1849.74,-198.629,5.71597,0,0,0,0,0,0,0,0,-0,0
621,2,6.60586,36.536,-85.6975,-537.223,-17375.5,-1517.06,-202.754,6.26882,0,0,0,0,0,0,0,0,-0,0
621,3,6.00816,34.0737,-81.4793,-557.599,-16877.1,-1205.16,-207.134,6.84345,0,0,0,0,0,0,0,0,-0,0
621,4,5.43167,31.7474,-77.4296,-576.85,-16397,-912.056,-211.766,7.45,0,0,0,0,0,0,0,0,-0,0
622,0,4.8726,29.5414,-73.5497,-595.855,-15934.2,-635.15,-216.645,8.10139,0,0,0,0,0,0,0,0,-0,0
622,1,4.32949,27.4496,-69.8422,-615.231,-15488.8,-372.767,-221.769,8.80887,0,0,0,0,0,0,0,0,-0,0
622,2,3.80428,25.4776,-66.3087,-635.921,-15062.3,-124.775,-227.154,9.59032,0,0,0,0,0,0,0,0,-0,0
622,3,3.30287,23.6412,-62.9486,-660.344,-14657.6,107.675,-232.851,10.4902,0,0,0,0,0,0,0,0,-0,0
622,4,2.83381,21.9616,-59.7587,-692.589,-14278.9,322.506,-238.943,11.5898,0,0,0,0,0,0,0,0,-0,0
623,0,2.4052,20.4605,-56.7348,-736.695,-13929.8,517.198,-245.524,12.9849,0,0,0,0,0,0,0,0,-0,0
623,1,2.02164,19.1534,-53.8748,-794.382,-13611.4,689.717,-252.649,14.745,0,0,0,0,0,0,0,0,-0,0
623,2,1.68324,18.0456,-51.1769,-864.65,-13322.3,839.535,-260.319,16.8953,0,0,0,0,0,0,0,0,-0,0
623,3,1.3863,17.131,-48.6362,-944.699,-13058.8,968.015,-268.499,19.4238,0,0,0,0,0,0,0,0,-0,0
623,4,1.12428,16.3923,-46.2412,-1030.21,-12815.7,1077.99,-277.149,22.279,0,0,0,0,0,0,0,0,-0,0
624,0,0.888966,15.8041,-43.9708,-1115.52,-12586.4,1172.68,-286.244,25.3695,0,0,0,0,0,0,0,0,-0,0
624,1,0.673049,15.335,-41.7916,-1194.76,-12360.9,1254.13,-295.775,28.5884,0,0,0,0,0,0,0,0,-0,0
624,2,0.473128,14.9497,-39.6601,-1262.73,-12125.1,1322.07,-305.725,31.8388,0,0,0,0,0,0,0,0,-0,0
624,3,0.290041,14.6074,-37.5244,-1315.02,-11859.3,1373.92,-316.043,35.0444,0,0,0,0,0,0,0,0,-0,0
624,4,0.127103,14.2588,-35.323,-1348.09,-11538.3,1405.89,-326.652,38.1647,0,0,0,0,0,0,0,0,-0,0
625,0,-0.0110721,13.8445,-32.9855,-1359.09,-11130.9,1413.82,-337.449,41.2028,0,0,0,0,0,0,0,0,-0,0
625,1,-0.119239,13.2985,-30.4377,-1345.11,-10601.3,1393.37,-348.297,44.1924,0,0,0,0,0,0,0,0,-0,0
625,2,-0.193438,12.5545,-27.6125,-1302.52,-9913.37,1340.09,-359.018,47.1714,0,0,0,0,0,0,0,0,-0,0
625,3,-0.233417,11.5575,-24.4637,-1226.92,-9037.77,1250.34,-369.436,50.1527,0,0,0,0,0,0,0,0,-0,0
625,4,-0.243269,10.2802,-20.9884,-1114.64,-7963.36,1122.93,-379.417,53.1073,0,0,0,0,0,0,0,0,-0,0
626,0,-0.229841,8.74362,-17.2574,-966.29,-6712.38,961.688,-388.956,55.9927,0,0,0,0,0,0,0,0,-0,0
626,1,-0.20071,7.03735,-13.4464,-791.139,-5355.89,777.973,-398.314,58.8365,0,0,0,0,0,0,0,0,-0,0
626,2,-0.163306,5.31646,-9.82477,-607.496,-4010.62,590.254,-408.215,61.8331,0,0,0,0,0,0,0,0,-0,0
626,3,-0.124599,3.75348,-6.67201,-436.577,-2803.23,418.602,-420.147,65.4342,0,0,0,0,0,0,0,0,-0,0
626,4,-0.0901504,2.47558,-4.17417,-294.501,-1824.59,277.678,-437.116,70.5532,0,0,0,0,0,0,0,0,-0,0
627,0,-0.0632329,1.5364,-2.38384,-188.767,-1110.23,173.788,-465.732,79.1861,0,0,0,0,0,0,0,0,-0,0
627,1,-0.0448935,0.926524,-1.24565,-119.398,-648.956,106.152,-520.976,95.8518,0,0,0,0,0,0,0,0,-0,0
627,2,-0.0345103,0.594474,-0.63727,-81.3027,-399.025,69.2488,-626.148,127.58,0,0,0,0,0,0,0,0,-0,0
627,3,-0.0302533,0.462436,-0.398987,-66.0487,-300.031,54.5485,-751.983,165.541,0,0,0,0,0,0,0,0,-0,0
627,4,-0.0293634,0.435423,-0.350778,-62.9123,-279.837,51.5373,-797.761,179.351,0,0,0,0,0,0,0,0,-0,0

Trajectories
200
,,dlr:RASIS,,,dlr:LASIS,,,dlr:RPSIS,,,dlr:LPSIS,,,dlr:RThighRear1,,,dlr:RThighFront1,,,dlr:RThighRear2,,,dlr:RThighFront2,,,dlr:RKneeLat,,,dlr:RKneeMed,,,dlr:RShankRear1,,,dlr:RShankFront1,,,dlr:RShankRear2,,,dlr:RShankFront2,,,dlr:RAnkleLat,,,dlr:RAnkleMed,,,dlr:RM5,,,dlr:RM1,,,dlr:RMid,,,dlr:RHeel,,,dlr:LThighRear1,,,dlr:LThighFront1,,,dlr:LThighRear2,,,dlr:LThighFront2,,,dlr:LKneeLat,,,dlr:LKneeMed,,,dlr:LShankRear1,,,dlr:LShankFront1,,,dlr:LShankRear2,,,dlr:LShankFront2,,,dlr:LAnkleLat,,,dlr:LAnkleMed,,,dlr:LM5,,,dlr:LM1,,,dlr:LMid,,,dlr:LHeel,,,dlr:RShoulder,,,dlr:LShoulder,,,
Frame,Sub Frame,X,Y,Z,X,Y,Z,X,Y,Z,X,Y,Z,X,Y,Z,X,Y,Z,X,Y,Z,X,Y,Z,X,Y,Z,X,Y,Z,X,Y,Z,X,Y,Z,X,Y,Z,X,Y,Z,X,Y,Z,X,Y,Z,X,Y,Z,X,Y,Z,X,Y,Z,X,Y,Z,X,Y,Z,X,Y,Z,X,Y,Z,X,Y,Z,X,Y,Z,X,Y,Z,X,Y,Z,X,Y,Z,X,Y,Z,X,Y,Z,X,Y,Z,X,Y,Z,X,Y,Z,X,Y,Z,X,Y,Z,X,Y,Z,X,Y,Z,X,Y,Z
,,mm,mm,mm,mm,mm,mm,mm,mm,mm,mm,mm,mm,mm,mm,mm,mm,mm,mm,mm,mm,mm,mm,mm,mm,mm,mm,mm,mm,mm,mm,mm,mm,mm,mm,mm,mm,mm,mm,mm,mm,mm,mm,mm,mm,mm,mm,mm,mm,mm,mm,mm,mm,mm,mm,mm,mm,mm,mm,mm,mm,mm,mm,mm,mm,mm,mm,mm,mm,mm,mm,mm,mm,mm,mm,mm,mm,mm,mm,mm,mm,mm,mm,mm,mm,mm,mm,mm,mm,mm,mm,mm,mm,mm,mm,mm,mm,mm,mm,mm,mm,mm,mm,mm,mm,mm,mm,mm,mm,mm,mm,mm,mm,mm,mm
391,0,225.16,1680.59,943.768,450.242,1647.71,942.181,302.554,1860.48,958.836,400.873,1855.28,961.694,178.922,1833.37,715.42,187.797,1777.55,702.588,190.471,1836.93,668.548,195.556,1784.6,652.989,239.719,1852.94,468.748,346.92,1848.59,471.133,225.305,1968.54,383.654,231.255,1932.13,360.595,228.782,1992.98,338.88,234.314,1961.78,320.125,261.531,2089.08,148.953,353.046,2071.26,150.715,218.85,2007.96,48.4886,326.131,1966.49,47.4114,266.116,1942.22,61.9093,320.781,2174.66,139.398,528.501,1646.47,703.797,514.44,1600.08,725.489,521.318,1637.16,660.557,515.538,1590.61,682.923,483.134,1521.13,518.592,385.611,1533.51,507.063,524.897,1540.92,386.77,511.544,1494.68,405.887,524.26,1520.34,333.277,511.902,1476.75,354.686,499.311,1418.49,126.21,416.64,1405.84,146.829,535.938,1283.07,98.7913,423.111,1271.39,122.834,481.349,1243.03,164.64,445.06,1468.83,68.7099,178.934,1730.75,1398.33,512.032,1719.31,1410.32
392,0,225.136,1676.28,943.295,450.102,1642.94,941.869,302.972,1856.02,958.432,401.379,1850.73,961.31,179.226,1829.27,714.92,187.939,1773.43,702.041,190.692,1832.83,668.031,195.693,1780.48,652.401,239.645,1848.64,468.012,346.726,1844.08,470.208,225.211,1965.22,384.034,231.13,1929.03,360.612,228.704,1990.06,339.468,234.191,1959.07,320.433,261.155,2087.86,150.324,352.692,2069.87,151.907,218.695,2008.01,48.301,326.06,1966.47,47.1774,266.163,1942.41,61.9137,321.381,2173.33,141.077,528.136,1642.02,703.281,514.261,1595.57,724.972,520.921,1632.62,660.232,515.122,1586.36,682.339,482.879,1516.9,518.149,385.373,1529.43,506.803,524.525,1537.13,386.287,511.094,1490.77,405.142,523.795,1516.84,332.705,511.385,1473.16,353.832,498.963,1416.27,125.393,416.305,1403.31,145.716,535.889,1281.84,96.3978,422.965,1269.71,120.067,481.482,1240.81,161.71,444.683,1467.31,69.1378,179.649,1726.86,1398.08,512.775,1715.16,1409.6
393,0,225.134,1671.33,942.785,449.958,1637.49,941.549,303.434,1850.92,957.995,401.944,1845.51,960.895,179.578,1824.5,714.345,188.107,1768.64,701.429,190.942,1828.03,667.434,195.845,1775.67,651.741,239.514,1843.56,467.168,346.464,1838.77,469.123,225.086,1961.28,384.501,230.952,1925.35,360.656,228.603,1986.6,340.18,234.021,1955.83,320.821,260.718,2086.35,151.955,352.272,2068.16,153.315,218.516,2008.08,48.1064,325.985,1966.44,46.9118,266.22,1942.64,61.9341,322.045,2171.65,143.134,527.753,1636.97,702.728,514.095,1590.45,724.413,520.487,1627.48,659.873,514.696,1581.5,681.713,482.587,1512.03,517.722,385.1,1524.74,506.566,524.117,1532.73,385.814,510.593,1486.27,404.378,523.296,1512.79,332.134,510.815,1469.01,352.947,498.593,1413.73,124.526,415.945,1400.47,144.499,535.795,1280.46,93.7362,422.758,1267.83,116.957,481.56,1238.29,158.386,444.296,1465.62,69.6553,180.466,1722.4,1397.82,513.63,1710.39,1408.8
394,0,225.16,1665.78,942.252,449.818,1631.44,941.236,303.932,1845.21,957.534,402.556,1839.67,960.461,179.978,1819.07,713.7,188.303,1763.19,700.761,191.216,1822.57,666.761,196.009,1770.18,651.018,239.314,1837.72,466.223,346.122,1832.66,467.881,224.926,1956.73,385.062,230.712,1921.1,360.736,228.474,1982.58,341.022,233.796,1952.08,321.296,260.222,2084.53,153.854,351.784,2066.09,154.94,218.313,2008.15,47.9149,325.906,1966.39,46.6187,266.286,1942.88,61.9745,322.754,2169.6,145.598,527.362,1631.38,702.158,513.953,1584.76,723.829,520.028,1621.8,659.494,514.28,1576.1,681.065,482.261,1506.56,517.338,384.792,1519.49,506.371,523.684,1527.77,385.382,510.05,1481.19,403.63,522.779,1508.2,331.596,510.204,1464.32,352.067,498.215,1410.9,123.631,415.57,1397.37,143.205,535.649,1278.94,90.8516,422.485,1265.81,113.551,481.564,1235.52,154.707,443.916,1463.8,70.262,181.376,1717.4,1397.57,514.589,1705.02,1407.94
395,0,225.222,1659.68,941.713,449.689,1624.84,940.947,304.453,1838.96,957.065,403.203,1833.27,960.019,180.419,1813.02,712.992,188.526,1757.11,700.051,191.51,1816.46,666.02,196.182,1764.04,650.248,239.034,1831.14,465.188,345.69,1825.76,466.487,224.726,1951.57,385.721,230.4,1916.26,360.858,228.314,1978.01,341.997,233.507,1947.79,321.863,259.671,2082.36,156.017,351.228,2063.64,156.778,218.09,2008.23,47.7402,325.828,1966.32,46.3052,266.36,1943.14,62.038,323.475,2167.12,148.494,526.981,1625.31,701.595,513.847,1578.56,723.244,519.558,1615.65,659.113,513.896,1570.19,680.423,481.9,1500.52,517.026,384.45,1513.73,506.241,523.238,1522.28,385.022,509.475,1475.58,402.932,522.263,1503.13,331.124,509.563,1459.14,351.227,497.843,1407.84,122.732,415.193,1394.07,141.863,535.448,1277.3,87.795,422.142,1263.68,109.907,481.477,1232.55,150.725,443.562,1461.9,70.9515,182.367,1711.9,1397.33,515.644,1699.11,1407.04
396,0,225.33,1653.1,941.185,449.582,1617.8,940.698,304.984,1832.24,956.599,403.869,1826.4,959.583,180.895,1806.4,712.228,188.774,1750.45,699.312,191.816,1809.75,665.217,196.36,1757.28,649.443,238.66,1823.84,464.075,345.157,1818.11,464.952,224.481,1945.8,386.479,230.006,1910.86,361.028,228.119,1972.89,343.104,233.146,1942.98,322.528,259.068,2079.82,158.439,350.605,2060.79,158.822,217.851,2008.32,47.6,325.752,1966.22,45.9806,266.44,1943.4,62.1265,324.172,2164.21,151.847,526.622,1618.84,701.067,513.787,1571.95,722.686,519.091,1609.1,658.756,513.564,1563.85,679.82,481.505,1493.99,516.814,384.076,1507.51,506.195,522.794,1516.34,384.764,508.873,1469.5,402.314,521.771,1497.63,330.748,508.905,1453.53,350.459,497.491,1404.61,121.848,414.825,1390.64,140.504,535.194,1275.59,84.618,421.735,1261.5,106.088,481.293,1229.42,146.498,443.252,1459.97,71.7105,183.425,1705.98,1397.14,516.779,1692.72,1406.12
397,0,225.492,1646.12,940.686,449.508,1610.41,940.505,305.511,1825.13,956.15,404.54,1819.13,959.167,181.399,1799.25,711.417,189.045,1743.26,698.559,192.126,1802.49,664.361,196.536,1749.96,648.619,238.183,1815.87,462.9,344.515,1809.74,463.289,224.188,1939.46,387.336,229.523,1904.91,361.252,227.883,1967.23,344.342,232.706,1937.66,323.29,258.418,2076.9,161.111,349.918,2057.51,161.063,217.601,2008.39,47.517,325.679,1966.08,45.6571,266.523,1943.65,62.2395,324.81,2160.81,155.671,526.298,1612.04,700.605,513.779,1564.98,722.187,518.644,1602.21,658.45,513.298,1557.13,679.29,481.072,1487.03,516.721,383.67,1500.91,506.253,522.369,1509.99,384.637,508.252,1463.03,401.8,521.325,1491.77,330.494,508.24,1447.55,349.787,497.17,1401.29,120.997,414.474,1387.17,139.156,534.896,1273.84,81.3709,421.274,1259.32,102.161,481.016,1226.22,142.091,443.001,1458.06,72.5222,184.536,1699.69,1396.98,517.982,1685.91,1405.2
398,0,225.717,1638.8,940.232,449.477,1602.75,940.384,306.021,1817.72,955.73,405.201,1811.55,958.781,181.92,1791.63,710.567,189.334,1735.6,697.806,192.432,1794.72,663.461,196.705,1742.13,647.791,237.593,1807.26,461.678,343.754,1800.7,461.511,223.841,1932.55,388.289,228.942,1898.42,361.532,227.603,1961.06,345.705,232.179,1931.83,324.15,257.728,2073.56,164.018,349.167,2053.79,163.49,217.347,2008.44,47.5183,325.612,1965.9,45.3493,266.603,1943.86,62.3742,325.368,2156.89,159.969,526.02,1604.96,700.237,513.822,1557.72,721.777,518.23,1595.05,658.223,513.107,1550.09,678.865,480.598,1479.7,516.759,383.235,1493.97,506.427,521.978,1503.31,384.66,507.614,1456.23,401.403,520.942,1485.63,330.381,507.573,1441.29,349.224,496.886,1397.95,120.193,414.147,1383.72,137.845,534.568,1272.07,78.1033,420.777,1257.18,98.1926,480.663,1223,137.572,442.819,1456.2,73.3681,185.685,1693.09,1396.89,519.237,1678.77,1404.31
399,0,226.012,1631.23,939.837,449.502,1594.92,940.347,306.501,1810.09,955.35,405.837,1803.74,958.436,182.45,1783.59,709.685,189.639,1727.53,697.067,192.724,1786.51,662.524,196.86,1733.83,646.975,236.885,1798.08,460.426,342.87,1791.03,459.636,223.437,1925.1,389.332,228.258,1891.41,361.871,227.273,1954.37,347.185,231.561,1925.49,325.102,257.003,2069.78,167.145,348.358,2049.6,166.09,217.098,2008.45,47.636,325.551,1965.65,45.0741,266.675,1944.02,62.5252,325.83,2152.42,164.735,525.795,1597.65,699.99,513.912,1550.23,721.487,517.857,1587.67,658.102,512.989,1542.78,678.576,480.081,1472.07,516.93,382.771,1486.78,506.723,521.63,1496.38,384.845,506.962,1449.19,401.128,520.631,1479.27,330.417,506.912,1434.82,348.775,496.642,1394.67,119.448,413.847,1380.34,136.594,534.225,1270.34,74.8639,420.264,1255.11,94.2478,480.255,1219.82,133.009,442.707,1454.44,74.2303,186.859,1686.25,1396.88,520.527,1671.35,1403.48
400,0,226.383,1623.47,939.513,449.593,1586.99,940.408,306.94,1802.3,955.02,406.438,1795.78,958.141,182.979,1775.19,708.777,189.953,1719.08,696.354,192.993,1777.89,661.559,196.994,1725.1,646.183,236.055,1788.36,459.16,341.859,1780.77,457.68,222.971,1917.13,390.456,227.466,1883.9,362.267,226.891,1947.17,348.77,230.849,1918.65,326.14,256.249,2065.54,170.473,347.492,2044.92,168.852,216.861,2008.4,47.9063,325.493,1965.33,44.8503,266.734,1944.09,62.684,326.188,2147.36,169.954,525.629,1590.13,699.888,514.039,1542.56,721.341,517.536,1580.09,658.106,512.932,1535.22,678.446,479.519,1464.21,517.226,382.283,1479.4,507.14,521.331,1489.27,385.19,506.298,1441.98,400.968,520.393,1472.78,330.599,506.258,1428.23,348.437,496.434,1391.49,118.772,413.574,1377.1,135.419,533.882,1268.66,71.701,419.755,1253.14,90.3867,479.819,1216.73,128.47,442.658,1452.81,75.0928,188.046,1679.22,1396.94,521.836,1663.71,1402.7
401,0,226.834,1615.57,939.269,449.761,1579.04,940.572,307.332,1794.43,954.745,406.994,1787.72,957.903,183.5,1766.48,707.851,190.271,1710.31,695.678,193.232,1768.92,660.573,197.099,1716.01,645.428,235.102,1778.16,457.898,340.72,1769.98,455.664,222.443,1908.65,391.651,226.568,1875.88,362.717,226.453,1939.48,350.448,230.043,1911.32,327.254,255.472,2060.8,173.98,346.575,2039.74,171.763,216.645,2008.25,48.3686,325.437,1964.91,44.6988,266.776,1944.04,62.8393,326.438,2141.66,175.603,525.524,1582.44,699.945,514.189,1534.75,721.358,517.272,1572.35,658.249,512.918,1527.48,678.492,478.915,1456.19,517.628,381.776,1471.88,507.672,521.082,1482.04,385.683,505.626,1434.68,400.914,520.22,1466.24,330.915,505.616,1421.58,348.2,496.259,1388.46,118.171,413.324,1374.02,134.333,533.553,1267.08,68.6593,419.265,1251.3,86.6615,479.373,1213.78,124.016,442.665,1451.32,75.9415,189.235,1672.04,1397.1,523.15,1655.91,1402.02
402,0,227.368,1607.6,939.114,450.012,1571.13,940.846,307.672,1786.53,954.53,407.501,1779.63,957.726,184.004,1757.5,706.912,190.584,1701.28,695.048,193.432,1759.64,659.573,197.167,1706.59,644.721,234.027,1767.52,456.656,339.457,1758.69,453.606,221.852,1899.68,392.902,225.565,1867.38,363.216,225.959,1931.29,352.203,229.145,1903.5,328.432,254.679,2055.54,177.647,345.612,2034.03,174.807,216.457,2007.96,49.0639,325.381,1964.37,44.6427,266.798,1943.82,62.9774,326.581,2135.29,181.656,525.476,1574.6,700.166,514.345,1526.82,721.548,517.07,1564.47,658.536,512.928,1519.57,678.719,478.275,1448.07,518.115,381.255,1464.29,508.301,520.876,1474.78,386.304,504.949,1427.35,400.947,520.098,1459.69,331.347,504.986,1414.95,348.051,496.11,1385.62,117.649,413.092,1371.13,133.342,533.246,1265.6,65.7772,418.8,1249.61,83.1136,478.932,1210.99,119.7,442.715,1449.97,76.7646,190.417,1664.76,1397.35,524.453,1648,1401.43
403,0,227.982,1599.59,939.05,450.351,1563.29,941.231,307.96,1778.64,954.38,407.956,1771.55,957.612,184.483,1748.31,705.968,190.885,1692.03,694.473,193.588,1750.11,658.568,197.191,1696.89,644.07,232.836,1756.49,455.45,338.076,1746.94,451.532,221.198,1890.25,394.196,224.463,1858.41,363.759,225.41,1922.63,354.018,228.161,1895.18,329.663,253.874,2049.74,181.453,344.612,2027.79,177.973,216.3,2007.48,50.0333,325.323,1963.67,44.7071,266.8,1943.39,63.0833,326.617,2128.23,188.078,525.482,1566.63,700.549,514.49,1518.82,721.911,516.933,1556.48,658.964,512.937,1511.53,679.126,477.608,1439.92,518.656,380.727,1456.67,509.008,520.706,1467.54,387.024,504.272,1420.05,401.048,520.011,1453.22,331.868,504.369,1408.39,347.972,495.979,1382.99,117.203,412.872,1368.45,132.449,532.964,1264.25,63.0846,418.362,1248.05,79.7721,478.499,1208.4,115.564,442.798,1448.78,77.5521,191.585,1657.41,1397.7,525.731,1640.02,1400.95
404,0,228.674,1591.59,939.082,450.779,1555.56,941.727,308.199,1770.81,954.294,408.363,1763.53,957.564,184.933,1738.95,705.025,191.164,1682.6,693.961,193.695,1740.35,657.564,197.162,1686.95,643.486,231.539,1745.11,454.296,336.589,1734.79,449.465,220.483,1880.36,395.519,223.271,1848.98,364.341,224.808,1913.48,355.878,227.099,1886.38,330.934,253.065,2043.38,185.381,343.585,2021,181.248,216.178,2006.76,51.3153,325.259,1962.79,44.9188,266.78,1942.7,63.1434,326.55,2120.45,194.83,525.534,1558.56,701.081,514.61,1510.76,722.439,516.866,1548.41,659.522,512.928,1503.4,679.699,476.926,1431.81,519.226,380.201,1449.09,509.767,520.561,1460.38,387.814,503.601,1412.86,401.193,519.944,1446.86,332.453,503.765,1401.96,347.942,495.86,1380.58,116.831,412.658,1365.98,131.652,532.708,1263.03,60.6025,417.946,1246.65,76.6547,478.07,1206.02,111.639,442.903,1447.73,78.2959,192.733,1650.02,1398.15,526.974,1632.01,1400.59
405,0,229.434,1583.63,939.21,451.291,1547.96,942.328,308.395,1763.07,954.272,408.729,1755.59,957.58,185.348,1729.45,704.091,191.413,1673.04,693.519,193.751,1730.41,656.572,197.074,1676.82,642.977,230.145,1733.42,453.208,335.008,1722.27,447.433,219.709,1870.04,396.859,222.001,1839.11,364.957,224.157,1903.87,357.768,225.97,1877.11,332.235,252.258,2036.46,189.414,342.542,2013.68,184.619,216.091,2005.74,52.9446,325.186,1961.68,45.3057,266.735,1941.7,63.1482,326.388,2111.95,201.869,525.628,1550.42,701.745,514.693,1502.69,723.11,516.87,1540.29,660.193,512.888,1495.21,680.418,476.245,1423.8,519.795,379.683,1441.58,510.55,520.432,1453.37,388.644,502.939,1405.82,401.36,519.881,1440.66,333.075,503.175,1395.7,347.941,495.746,1378.39,116.526,412.442,1363.73,130.944,532.473,1261.92,58.3453,417.543,1245.4,73.7694,477.637,1203.85,107.95,443.022,1446.83,78.9895,193.856,1642.62,1398.7,528.169,1623.98,1400.36
406,0,230.251,1575.74,939.434,451.882,1540.5,943.028,308.561,1755.43,954.312,409.063,1747.76,957.657,185.728,1719.86,703.176,191.623,1663.38,693.154,193.755,1720.34,655.602,196.92,1666.54,642.552,228.669,1721.45,452.201,333.349,1709.42,445.465,218.877,1859.32,398.21,220.664,1828.81,365.606,223.463,1893.8,359.676,224.785,1867.38,333.557,251.459,2028.96,193.537,341.495,2005.82,188.077,216.034,2004.35,54.9497,325.101,1960.3,45.8958,266.66,1940.35,63.0953,326.139,2102.71,209.146,525.757,1542.25,702.515,514.734,1494.63,723.898,516.946,1532.16,660.953,512.814,1487.01,681.251,475.576,1415.94,520.339,379.177,1434.19,511.331,520.31,1446.54,389.485,502.292,1398.98,401.529,519.813,1434.66,333.709,502.598,1389.64,347.95,495.631,1376.42,116.281,412.219,1361.7,130.318,532.255,1260.94,56.3219,417.147,1244.29,71.1178,477.19,1201.9,104.511,443.148,1446.06,79.6288,194.951,1635.22,1399.35,529.309,1615.98,1400.24
407,0,231.113,1567.93,939.75,452.539,1533.19,943.818,308.708,1747.91,954.41,409.379,1740.06,957.793,186.071,1710.2,702.29,191.787,1653.65,692.873,193.71,1710.15,654.666,196.699,1656.15,642.217,227.125,1709.25,451.289,331.631,1696.29,443.591,217.987,1848.21,399.568,219.277,1818.11,366.287,222.73,1883.3,361.595,223.56,1857.2,334.897,250.676,2020.91,197.74,340.459,1997.44,191.616,216.002,2002.52,57.3504,324.998,1958.6,46.7159,266.544,1938.61,62.9914,325.814,2092.77,216.609,525.918,1534.09,703.363,514.733,1486.62,724.766,517.088,1524.07,661.78,512.708,1478.84,682.166,474.931,1408.29,520.839,378.688,1426.96,512.08,520.187,1439.93,390.312,501.663,1392.36,401.679,519.73,1428.9,334.334,502.035,1383.82,347.95,495.51,1374.67,116.09,411.985,1359.88,129.765,532.05,1260.07,54.5365,416.753,1243.32,68.6978,476.724,1200.16,101.334,443.273,1445.41,80.2115,196.013,1627.84,1400.09,530.386,1608,1400.26
408,0,232.001,1560.24,940.159,453.249,1526,944.69,308.855,1740.53,954.563,409.694,1732.48,957.983,186.379,1700.51,701.444,191.898,1643.9,692.683,193.618,1699.9,653.779,196.407,1645.68,641.982,225.526,1696.82,450.486,329.871,1682.91,441.84,217.041,1836.74,400.936,217.854,1807.03,367.003,221.963,1872.38,363.52,222.308,1846.6,336.254,249.916,2012.31,202.01,339.445,1988.57,195.23,215.988,2000.18,60.155,324.872,1956.52,47.7903,266.376,1936.42,62.8536,325.428,2082.14,224.198,526.106,1525.99,704.263,514.692,1478.7,725.677,517.287,1516.05,662.647,512.58,1470.75,683.124,474.317,1400.88,521.277,378.214,1419.91,512.774,520.059,1433.58,391.103,501.056,1386.01,401.797,519.629,1423.39,334.931,501.486,1378.25,347.929,495.379,1373.12,115.945,411.739,1358.27,129.277,531.857,1259.31,52.9883,416.357,1242.47,66.505,476.236,1198.62,98.4237,443.391,1444.87,80.7373,197.04,1620.49,1400.92,531.396,1600.07,1400.4
409,0,232.899,1552.68,940.656,453.998,1518.93,945.635,309.018,1733.28,954.767,410.025,1725.04,958.225,186.656,1690.81,700.652,191.953,1634.15,692.591,193.486,1689.61,652.954,196.047,1635.18,641.855,223.886,1684.21,449.808,328.088,1669.32,440.244,216.041,1824.94,402.32,216.409,1795.59,367.761,221.168,1861.07,365.453,221.043,1835.6,337.632,249.186,2003.19,206.342,338.465,1979.22,198.915,215.983,1997.27,63.3596,324.715,1954.01,49.1386,266.143,1933.74,62.7088,324.997,2070.88,231.854,526.315,1518,705.186,514.621,1470.91,726.591,517.529,1508.16,663.532,512.441,1462.8,684.088,473.738,1393.75,521.641,377.757,1413.1,513.392,519.921,1427.51,391.843,500.473,1379.94,401.872,519.506,1418.14,335.488,500.951,1372.96,347.875,495.236,1371.77,115.841,411.479,1356.85,128.845,531.676,1258.65,51.6709,415.962,1241.74,64.5338,475.732,1197.28,95.7818,443.497,1444.43,81.2071,198.031,1613.18,1401.83,532.335,1592.18,1400.66
410,0,233.787,1545.24,941.239,454.769,1511.96,946.645,309.215,1726.16,955.019,410.389,1717.74,958.514,186.906,1681.14,699.927,191.948,1624.42,692.605,193.321,1679.3,652.207,195.618,1624.68,641.845,222.219,1671.43,449.268,326.297,1655.55,438.83,214.992,1812.83,403.729,214.956,1783.82,368.57,220.349,1849.41,367.399,219.777,1824.23,339.038,248.492,1993.57,210.728,337.53,1969.42,202.669,215.977,1993.74,66.9466,324.52,1951.01,50.7735,265.832,1930.53,62.5943,324.542,2059.03,239.511,526.54,1510.14,706.107,514.529,1463.27,727.474,517.8,1500.44,664.414,512.301,1455.02,685.023,473.194,1386.9,521.924,377.312,1406.53,513.922,519.772,1421.74,392.521,499.914,1374.16,401.896,519.363,1413.18,335.998,500.431,1367.96,347.784,495.08,1370.6,115.773,411.206,1355.62,128.461,531.508,1258.08,50.5729,415.569,1241.12,62.7782,475.217,1196.13,93.4057,443.586,1444.07,81.6232,198.983,1605.92,1402.81,533.204,1584.34,1401.04
411,0,234.645,1537.96,941.906,455.549,1505.05,947.713,309.464,1719.18,955.316,410.805,1710.57,958.848,187.135,1671.5,699.286,191.882,1614.75,692.732,193.132,1669,651.555,195.122,1614.2,641.961,220.533,1658.5,448.882,324.514,1641.64,437.626,213.901,1800.45,405.177,213.508,1771.76,369.443,219.51,1837.41,369.366,218.522,1812.53,340.484,247.838,1983.5,215.162,336.648,1959.2,206.488,215.96,1989.52,70.8847,324.277,1947.45,52.6985,265.43,1926.74,62.556,324.083,2046.66,247.102,526.774,1502.47,707.007,514.423,1455.81,728.297,518.089,1492.92,665.276,512.167,1447.46,685.898,472.684,1380.36,522.123,376.878,1400.26,514.357,519.614,1416.28,393.13,499.382,1368.7,401.867,519.199,1408.5,336.455,499.928,1363.24,347.652,494.913,1369.6,115.734,410.925,1354.56,128.122,531.353,1257.61,49.6781,415.182,1240.59,61.2305,474.701,1195.15,91.2889,443.655,1443.79,81.9884,199.894,1598.71,1403.85,534.001,1576.56,1401.54
412,0,235.455,1530.82,942.655,456.319,1498.2,948.832,309.778,1712.32,955.657,411.285,1703.52,959.226,187.351,1661.93,698.743,191.753,1605.14,692.982,192.928,1658.74,651.013,194.562,1603.77,642.214,218.84,1645.45,448.663,322.75,1627.61,436.655,212.778,1787.81,406.674,212.075,1759.42,370.394,218.657,1825.12,371.364,217.287,1800.52,341.984,247.227,1973.01,219.636,335.825,1948.59,210.365,215.918,1984.57,75.1297,323.976,1943.25,54.9069,264.929,1922.33,62.6462,323.64,2033.86,254.557,527.012,1495.01,707.871,514.313,1448.56,729.035,518.384,1485.65,666.102,512.044,1440.14,686.69,472.204,1374.12,522.239,376.455,1394.29,514.696,519.446,1411.14,393.669,498.879,1363.55,401.787,519.02,1404.11,336.86,499.445,1358.81,347.482,494.738,1368.76,115.722,410.639,1353.66,127.823,531.215,1257.22,48.9674,414.805,1240.14,59.881,474.191,1194.34,89.4202,443.704,1443.58,82.3067,200.762,1591.57,1404.95,534.729,1568.83,1402.14
413,0,236.2,1523.85,943.485,457.062,1491.38,949.993,310.17,1705.57,956.044,411.843,1696.59,959.65,187.56,1652.42,698.314,191.564,1595.62,693.363,192.718,1648.53,650.599,193.94,1593.4,642.615,217.146,1632.28,448.626,321.014,1613.5,435.94,211.639,1774.95,408.233,210.665,1746.85,371.44,217.794,1812.56,373.408,216.079,1788.24,343.555,246.661,1962.14,224.14,335.064,1937.63,214.289,215.839,1978.85,79.6272,323.607,1938.37,57.3819,264.322,1917.26,62.9185,323.233,2020.71,261.81,527.247,1487.78,708.692,514.202,1441.52,729.677,518.676,1478.63,666.885,511.932,1433.09,687.383,471.754,1368.2,522.276,376.044,1388.65,514.947,519.272,1406.31,394.139,498.408,1358.71,401.659,518.828,1400.02,337.216,498.988,1354.67,347.277,494.559,1368.05,115.73,410.353,1352.89,127.562,531.092,1256.9,48.4191,414.441,1239.76,58.7173,473.696,1193.66,87.785,443.733,1443.42,82.5825,201.584,1584.5,1406.1,535.39,1561.16,1402.84
414,0,236.867,1517.02,944.396,457.759,1484.58,951.19,310.645,1698.93,956.477,412.484,1689.76,960.12,187.771,1643,698.015,191.313,1586.19,693.884,192.511,1638.39,650.329,193.26,1583.13,643.174,215.458,1619.02,448.784,319.309,1599.32,435.496,210.503,1761.89,409.865,209.285,1734.06,372.597,216.927,1799.76,375.511,214.904,1775.72,345.212,246.142,1950.93,228.658,334.367,1926.33,218.246,215.71,1972.34,84.3152,323.158,1932.72,60.0978,263.609,1911.47,63.4243,322.88,2007.31,268.797,527.474,1480.8,709.465,514.094,1434.7,730.216,518.96,1471.9,667.618,511.831,1426.32,687.968,471.332,1362.58,522.243,375.647,1383.33,515.119,519.094,1401.79,394.547,497.974,1354.18,401.489,518.627,1396.21,337.527,498.562,1350.82,347.044,494.38,1367.47,115.757,410.073,1352.26,127.337,530.986,1256.65,48.0107,414.095,1239.45,57.7257,473.221,1193.12,86.3662,443.742,1443.3,82.8202,202.358,1577.5,1407.29,535.989,1553.53,1403.63
415,0,237.444,1510.35,945.386,458.393,1477.79,952.413,311.206,1692.38,956.96,413.211,1683.02,960.642,187.989,1633.68,697.858,191.004,1576.86,694.554,192.313,1628.31,650.217,192.526,1572.95,643.903,213.78,1605.68,449.148,317.64,1585.1,435.338,209.386,1748.66,411.583,207.942,1721.1,373.88,216.065,1786.77,377.687,213.767,1763,346.97,245.67,1939.42,233.174,333.733,1914.73,222.217,215.518,1965.01,89.1283,322.62,1926.25,63.0219,262.791,1904.93,64.2101,322.597,1993.74,275.459,527.689,1474.08,710.195,513.992,1428.11,730.658,519.23,1465.44,668.304,511.739,1419.86,688.445,470.941,1357.25,522.149,375.271,1378.35,515.225,518.915,1397.59,394.897,497.582,1349.95,401.286,518.421,1392.68,337.799,498.175,1347.24,346.789,494.207,1367,115.798,409.806,1351.73,127.147,530.895,1256.45,47.7196,413.772,1239.19,56.8916,472.774,1192.69,85.1452,443.735,1443.22,83.0242,203.082,1570.58,1408.52,536.529,1545.96,1404.51
416,0,237.924,1503.83,946.455,458.949,1471.01,953.656,311.85,1685.91,957.499,414.022,1676.37,961.219,188.221,1624.45,697.856,190.637,1567.64,695.381,192.129,1618.33,650.276,191.742,1562.87,644.809,212.114,1592.26,449.728,316.006,1570.85,435.476,208.307,1735.27,413.396,206.641,1707.99,375.3,215.214,1773.61,379.945,212.67,1750.11,348.842,245.247,1927.63,237.663,333.161,1902.85,226.181,215.249,1956.87,94.0012,321.985,1918.91,66.1165,261.869,1897.57,65.3149,322.395,1980.07,281.748,527.89,1467.61,710.889,513.897,1421.74,731.014,519.487,1459.27,668.948,511.655,1413.68,688.823,470.585,1352.21,522.007,374.924,1373.69,515.28,518.738,1393.7,395.199,497.239,1346.03,401.058,518.215,1389.44,338.04,497.835,1343.94,346.522,494.044,1366.62,115.85,409.557,1351.29,126.99,530.82,1256.3,47.5241,413.476,1238.98,56.2006,472.361,1192.35,84.103,443.713,1443.16,83.1986,203.755,1563.74,1409.78,537.014,1538.43,1405.48
417,0,238.303,1497.44,947.605,459.418,1464.23,954.912,312.568,1679.5,958.099,414.907,1669.78,961.858,188.468,1615.31,698.019,190.216,1558.53,696.372,191.961,1608.42,650.517,190.911,1552.9,645.901,210.465,1578.8,450.532,314.406,1556.59,435.914,207.28,1721.76,415.312,205.383,1694.75,376.867,214.382,1760.31,382.296,211.615,1737.07,350.834,244.874,1915.59,242.102,332.646,1890.7,230.114,214.895,1947.9,98.8717,321.246,1910.67,69.3406,260.847,1889.37,66.7669,322.279,1966.39,287.624,528.076,1461.39,711.558,513.813,1415.59,731.303,519.729,1453.37,669.561,511.579,1407.78,689.116,470.269,1347.46,521.826,374.614,1369.34,515.297,518.566,1390.11,395.458,496.955,1342.4,400.814,518.012,1386.48,338.254,497.552,1340.9,346.249,493.895,1366.32,115.91,409.333,1350.94,126.867,530.76,1256.2,47.4039,413.212,1238.8,55.6386,471.987,1192.09,83.2206,443.681,1443.13,83.3471,204.373,1556.99,1411.06,537.448,1530.96,1406.53
418,0,238.584,1491.19,948.833,459.795,1457.47,956.178,313.347,1673.16,958.767,415.855,1663.25,962.565,188.73,1606.27,698.352,189.742,1549.51,697.532,191.81,1598.6,650.946,190.039,1543.04,647.183,208.833,1565.29,451.565,312.837,1542.34,436.654,206.315,1708.15,417.338,204.171,1681.42,378.587,213.577,1746.89,384.742,210.598,1723.92,352.952,244.552,1903.35,246.461,332.183,1878.31,233.994,214.447,1938.12,103.683,320.403,1901.49,72.6515,259.732,1880.27,68.5775,322.248,1952.74,293.06,528.247,1455.42,712.215,513.741,1409.64,731.546,519.959,1447.72,670.157,511.515,1402.15,689.345,470.001,1342.97,521.62,374.35,1365.28,515.288,518.402,1386.82,395.685,496.738,1339.05,400.56,517.816,1383.78,338.45,497.333,1338.11,345.978,493.765,1366.09,115.974,409.138,1350.65,126.776,530.715,1256.12,47.3405,412.983,1238.66,55.1915,471.656,1191.9,82.4788,443.642,1443.11,83.473,204.937,1550.33,1412.37,537.835,1523.54,1407.64
419,0,238.77,1485.04,950.142,460.08,1450.73,957.452,314.171,1666.86,959.51,416.848,1656.77,963.349,189.003,1597.32,698.859,189.219,1540.6,698.863,191.673,1588.86,651.567,189.129,1533.27,648.659,207.22,1551.77,452.829,311.296,1528.1,437.694,205.421,1694.45,419.475,203.001,1668,380.461,212.806,1733.38,387.282,209.618,1710.67,355.196,244.283,1890.9,250.71,331.769,1865.69,237.8,213.905,1927.55,108.384,319.459,1891.37,76.0058,258.534,1870.27,70.7366,322.298,1939.16,298.041,528.406,1449.66,712.874,513.685,1403.88,731.766,520.178,1442.3,670.752,511.466,1396.75,689.536,469.789,1338.75,521.399,374.141,1361.47,515.263,518.249,1383.83,395.885,496.594,1335.98,400.305,517.631,1381.35,338.631,497.185,1335.57,345.716,493.656,1365.92,116.041,408.977,1350.42,126.717,530.684,1256.07,47.318,412.79,1238.55,54.8454,471.37,1191.76,81.8592,443.599,1443.1,83.5798,205.446,1543.75,1413.7,538.179,1516.17,1408.83
420,0,238.872,1478.99,951.528,460.278,1444.01,958.732,315.018,1660.6,960.333,417.867,1650.33,964.213,189.282,1588.45,699.54,188.648,1531.77,700.365,191.544,1579.2,652.38,188.185,1523.59,650.327,205.628,1538.24,454.322,309.781,1513.89,439.026,204.601,1680.71,421.719,201.872,1654.53,382.487,212.074,1719.81,389.907,208.668,1697.34,357.558,244.068,1878.28,254.818,331.397,1852.85,241.507,213.27,1916.2,112.929,318.42,1880.33,79.3598,257.266,1859.37,73.2097,322.42,1925.65,302.558,528.555,1444.11,713.548,513.647,1398.29,731.988,520.388,1437.09,671.358,511.434,1391.56,689.71,469.642,1334.77,521.173,373.994,1357.9,515.229,518.111,1381.12,396.067,496.531,1333.18,400.056,517.464,1379.17,338.803,497.115,1333.27,345.466,493.572,1365.79,116.109,408.851,1350.23,126.689,530.666,1256.05,47.3226,412.634,1238.46,54.5869,471.128,1191.66,81.344,443.554,1443.1,83.6703,205.9,1537.26,1415.05,538.483,1508.86,1410.08
421,0,238.9,1473.01,952.992,460.399,1437.32,960.019,315.868,1654.37,961.243,418.889,1643.92,965.165,189.558,1579.65,700.393,188.032,1523.02,702.036,191.417,1569.6,653.38,187.211,1514,652.185,204.059,1524.72,456.039,308.289,1499.73,440.643,203.854,1666.93,424.062,200.782,1641.02,384.655,211.385,1706.19,392.607,207.746,1683.96,360.029,243.908,1865.48,258.756,331.06,1839.8,245.093,212.549,1904.13,117.275,317.297,1868.4,82.669,255.939,1847.59,75.9412,322.603,1912.22,306.611,528.697,1438.75,714.248,513.631,1392.86,732.231,520.591,1432.07,671.988,511.42,1386.56,689.892,469.565,1331.04,520.951,373.916,1354.53,515.191,517.99,1378.68,396.237,496.552,1330.63,399.816,517.318,1377.23,338.969,497.127,1331.19,345.234,493.512,1365.7,116.178,408.763,1350.07,126.69,530.659,1256.03,47.3431,412.512,1238.39,54.4037,470.929,1191.6,80.9168,443.51,1443.1,83.7479,206.302,1530.85,1416.42,538.748,1501.61,1411.38
422,0,238.871,1467.09,954.532,460.455,1430.68,961.316,316.695,1648.16,962.242,419.892,1637.53,966.208,189.821,1570.91,701.41,187.375,1514.35,703.87,191.285,1560.07,654.563,186.209,1504.48,654.224,202.513,1511.24,457.975,306.819,1485.61,442.532,203.175,1653.14,426.493,199.728,1627.49,386.954,210.737,1692.55,395.36,206.85,1670.54,362.59,243.805,1852.53,262.49,330.75,1826.54,248.53,211.753,1891.36,121.383,316.102,1855.63,85.8883,254.567,1834.97,78.8613,322.833,1898.87,310.202,528.833,1433.55,714.981,513.638,1387.57,732.511,520.791,1427.22,672.65,511.425,1381.71,690.099,469.566,1327.53,520.739,373.911,1351.33,515.151,517.89,1376.51,396.4,496.661,1328.32,399.591,517.198,1375.52,339.135,497.223,1329.33,345.021,493.477,1365.63,116.246,408.712,1349.94,126.72,530.664,1256.03,47.3702,412.424,1238.34,54.2846,470.771,1191.55,80.5626,443.469,1443.1,83.8156,206.653,1524.52,1417.82,538.977,1494.43,1412.75
423,0,238.799,1461.2,956.145,460.461,1424.09,962.623,317.477,1641.97,963.333,420.851,1631.15,967.344,190.06,1562.21,702.584,186.678,1505.73,705.86,191.137,1550.58,655.919,185.185,1495.02,656.436,200.994,1497.79,460.118,305.369,1471.56,444.681,202.555,1639.36,428.994,198.71,1613.95,389.366,210.129,1678.9,398.145,205.98,1657.09,365.219,243.758,1839.42,265.991,330.462,1813.09,251.789,210.89,1877.95,125.218,314.849,1842.09,88.9735,253.161,1821.57,81.8947,323.097,1885.57,313.335,528.966,1428.5,715.75,513.668,1382.4,732.839,520.988,1422.52,673.35,511.451,1377,690.344,469.647,1324.25,520.542,373.983,1348.28,515.113,517.815,1374.57,396.562,496.856,1326.23,399.384,517.11,1374.01,339.302,497.403,1327.66,344.832,493.467,1365.59,116.314,408.698,1349.82,126.775,530.678,1256.04,47.3966,412.366,1238.3,54.2192,470.652,1191.53,80.2679,443.432,1443.11,83.8769,206.959,1518.28,1419.24,539.172,1487.3,1414.16
424,0,238.702,1455.32,957.829,460.433,1417.55,963.945,318.191,1635.79,964.517,421.744,1624.79,968.573,190.265,1553.56,703.905,185.947,1497.15,707.996,190.965,1541.14,657.438,184.142,1485.62,658.807,199.503,1484.41,462.457,303.94,1457.59,447.076,201.981,1625.61,431.545,197.725,1600.42,391.87,209.554,1665.25,400.933,205.133,1643.62,367.887,243.769,1826.16,269.226,330.184,1799.46,254.839,209.973,1863.97,128.75,313.551,1827.86,91.8829,251.734,1807.47,84.966,323.382,1872.31,316.017,529.096,1423.59,716.558,513.719,1377.34,733.219,521.183,1417.96,674.088,511.495,1372.41,690.636,469.81,1321.18,520.362,374.133,1345.36,515.076,517.768,1372.85,396.728,497.134,1324.35,399.199,517.059,1372.69,339.473,497.664,1326.17,344.666,493.479,1365.57,116.383,408.719,1349.72,126.855,530.7,1256.05,47.4168,412.336,1238.26,54.198,470.569,1191.51,80.0202,443.4,1443.11,83.9349,207.222,1512.11,1420.68,539.334,1480.25,1415.63
425,0,238.596,1449.43,959.578,460.389,1411.09,965.281,318.818,1629.62,965.789,422.551,1618.44,969.891,190.424,1544.92,705.362,185.183,1488.62,710.265,190.758,1531.73,659.106,183.084,1476.27,661.324,198.044,1471.09,464.978,302.533,1443.7,449.699,201.441,1611.9,434.122,196.771,1586.89,394.44,209.005,1651.62,403.695,204.31,1630.13,370.564,243.836,1812.77,272.166,329.911,1785.64,257.652,209.013,1849.47,131.951,312.222,1813.02,94.579,250.298,1792.73,88.0028,323.673,1859.05,318.254,529.224,1418.8,717.401,513.79,1372.4,733.65,521.379,1413.52,674.864,511.557,1367.93,690.976,470.054,1318.3,520.2,374.358,1342.53,515.041,517.757,1371.34,396.9,497.489,1322.66,399.038,517.049,1371.54,339.651,498.002,1324.85,344.527,493.514,1365.55,116.452,408.773,1349.62,126.958,530.73,1256.06,47.427,412.33,1238.23,54.2124,470.518,1191.49,79.8086,443.376,1443.11,83.9928,207.447,1506,1422.15,539.465,1473.26,1417.13
426,0,238.499,1443.5,961.39,460.345,1404.69,966.634,319.338,1623.45,967.146,423.254,1612.09,971.295,190.526,1536.3,706.942,184.39,1480.12,712.657,190.508,1522.34,660.912,182.016,1466.96,663.971,196.619,1457.85,467.666,301.149,1429.92,452.534,200.916,1598.25,436.701,195.846,1573.39,397.052,208.471,1638.02,406.399,203.51,1616.62,373.218,243.959,1799.25,274.788,329.632,1771.66,260.199,208.021,1834.52,134.8,310.877,1797.63,97.031,248.863,1777.45,90.9386,323.957,1845.78,320.056,529.351,1414.13,718.276,513.878,1367.57,734.128,521.575,1409.2,675.675,511.636,1363.54,691.36,470.376,1315.61,520.056,374.654,1339.8,515.008,517.784,1369.99,397.082,497.915,1321.14,398.902,517.085,1370.53,339.837,498.408,1323.67,344.413,493.569,1365.53,116.521,408.857,1349.52,127.08,530.767,1256.07,47.4246,412.347,1238.2,54.2548,470.495,1191.47,79.623,443.36,1443.11,84.0533,207.641,1499.96,1423.64,539.565,1466.35,1418.68
427,0,238.423,1437.52,963.258,460.317,1398.38,968.001,319.74,1617.29,968.581,423.839,1605.74,972.776,190.563,1527.68,708.633,183.573,1471.63,715.158,190.207,1512.98,662.841,180.943,1457.69,666.732,195.232,1444.7,470.504,299.789,1416.24,455.565,200.391,1584.67,439.256,194.946,1559.9,399.678,207.941,1624.45,409.017,202.727,1603.1,375.821,244.134,1785.61,277.073,329.341,1757.51,262.461,207.008,1819.17,137.279,309.527,1781.78,99.2141,247.439,1761.68,93.7145,324.222,1832.47,321.431,529.476,1409.56,719.174,513.985,1362.85,734.643,521.772,1404.98,676.516,511.731,1359.26,691.782,470.769,1313.09,519.926,375.015,1337.14,514.976,517.855,1368.78,397.275,498.4,1319.77,398.792,517.169,1369.64,340.031,498.875,1322.61,344.327,493.642,1365.52,116.592,408.967,1349.42,127.22,530.81,1256.08,47.4085,412.382,1238.16,54.3186,470.498,1191.45,79.4548,443.354,1443.11,84.119,207.808,1493.98,1425.15,539.637,1459.5,1420.26
428,0,238.382,1431.47,965.177,460.318,1392.15,969.381,320.013,1611.14,970.084,424.294,1599.4,974.324,190.527,1519.07,710.42,182.736,1463.15,717.753,189.849,1503.63,664.878,179.871,1448.45,669.59,193.886,1431.65,473.476,298.457,1402.68,458.773,199.851,1571.17,441.761,194.067,1546.43,402.294,207.403,1610.91,411.52,201.96,1589.56,378.343,244.357,1771.87,279.008,329.03,1743.21,264.419,205.984,1803.48,139.376,308.183,1765.53,101.111,246.033,1745.49,96.2812,324.456,1819.09,322.389,529.6,1405.1,720.091,514.11,1358.23,735.188,521.969,1400.88,677.379,511.845,1355.07,692.233,471.225,1310.72,519.81,375.434,1334.55,514.943,517.973,1367.69,397.479,498.934,1318.52,398.709,517.302,1368.85,340.234,499.393,1321.65,344.266,493.73,1365.5,116.665,409.099,1349.31,127.374,530.859,1256.08,47.378,412.434,1238.13,54.3983,470.521,1191.43,79.2966,443.359,1443.11,84.1924,207.952,1488.05,1426.68,539.682,1452.72,1421.88
429,0,238.385,1425.35,967.137,460.361,1386,970.769,320.152,1604.99,971.643,424.614,1593.05,975.928,190.411,1510.44,712.29,181.882,1454.68,720.43,189.428,1494.3,667.01,178.805,1439.23,672.531,192.582,1418.71,476.563,297.154,1389.25,462.14,199.28,1557.77,444.195,193.206,1532.99,404.874,206.845,1597.43,413.883,201.205,1576.02,380.762,244.621,1758.03,280.587,328.692,1728.77,266.064,204.956,1787.49,141.083,306.852,1748.93,102.709,244.65,1728.95,98.6001,324.648,1805.64,322.939,529.723,1400.74,721.016,514.255,1353.72,735.75,522.167,1396.88,678.259,511.978,1350.98,692.703,471.736,1308.49,519.705,375.902,1332.03,514.909,518.14,1366.7,397.694,499.507,1317.38,398.651,517.483,1368.13,340.445,499.95,1320.78,344.23,493.831,1365.48,116.739,409.25,1349.2,127.54,530.912,1256.09,47.3336,412.498,1238.09,54.4891,470.563,1191.39,79.1426,443.375,1443.11,84.2759,208.079,1482.17,1428.23,539.7,1446.01,1423.52
430,0,238.439,1419.14,969.127,460.453,1379.93,972.16,320.154,1598.84,973.247,424.795,1586.7,977.573,190.211,1501.8,714.231,181.018,1446.2,723.174,188.943,1484.96,669.22,177.749,1430.02,675.54,191.325,1405.87,479.75,295.884,1375.97,465.649,198.667,1544.46,446.536,192.36,1519.58,407.399,206.258,1583.99,416.088,200.456,1562.47,383.057,244.917,1744.1,281.804,328.323,1714.2,267.39,203.931,1771.24,142.397,305.541,1732.02,104.004,243.293,1712.1,100.643,324.788,1792.1,323.092,529.844,1396.48,721.943,514.423,1349.32,736.319,522.363,1392.99,679.149,512.134,1347,693.182,472.291,1306.39,519.608,376.409,1329.58,514.872,518.355,1365.76,397.919,500.105,1316.33,398.616,517.71,1367.46,340.662,500.535,1319.97,344.217,493.942,1365.45,116.816,409.415,1349.09,127.715,530.971,1256.09,47.2759,412.573,1238.05,54.5874,470.62,1191.34,78.9881,443.406,1443.13,84.3716,208.191,1476.33,1429.79,539.693,1439.35,1425.17
431,0,238.551,1412.85,971.135,460.602,1373.95,973.546,320.024,1592.69,974.88,424.837,1580.35,979.244,189.925,1493.14,716.228,180.15,1437.72,725.971,188.393,1475.64,671.495,176.71,1420.82,678.604,190.115,1393.16,483.018,294.65,1362.84,469.281,198.005,1531.25,448.766,191.527,1506.21,409.849,205.634,1570.61,418.117,199.711,1548.92,385.213,245.234,1730.09,282.658,327.917,1699.49,268.395,202.911,1754.76,143.318,304.254,1714.84,104.996,241.965,1694.98,102.392,324.867,1778.46,322.854,529.964,1392.32,722.863,514.614,1345.03,736.881,522.557,1389.21,680.04,512.313,1343.11,693.659,472.88,1304.39,519.519,376.949,1327.19,514.833,518.617,1364.87,398.151,500.719,1315.34,398.603,517.977,1366.82,340.886,501.139,1319.21,344.224,494.061,1365.41,116.894,409.59,1348.96,127.897,531.034,1256.08,47.2061,412.657,1238,54.69,470.69,1191.28,78.8297,443.451,1443.15,84.4819,208.292,1470.51,1431.37,539.661,1432.74,1426.84
432,0,238.723,1406.48,973.145,460.81,1368.04,974.919,319.767,1586.54,976.53,424.745,1573.99,980.925,189.55,1484.47,718.272,179.283,1429.23,728.808,187.779,1466.31,673.821,175.693,1411.63,681.711,188.954,1380.57,486.35,293.456,1349.88,473.016,197.289,1518.16,450.871,190.704,1492.88,412.21,204.967,1557.29,419.96,198.967,1535.37,387.216,245.555,1716,283.147,327.472,1684.68,269.082,201.897,1738.07,143.851,302.992,1697.41,105.69,240.667,1677.62,103.837,324.877,1764.72,322.233,530.081,1388.26,723.768,514.829,1340.84,737.427,522.747,1385.54,680.927,512.519,1339.32,694.124,473.493,1302.49,519.435,377.51,1324.89,514.789,518.921,1364.01,398.389,501.339,1314.41,398.608,518.28,1366.21,341.114,501.75,1318.49,344.248,494.185,1365.37,116.975,409.771,1348.83,128.085,531.1,1256.07,47.1258,412.748,1237.94,54.7941,470.77,1191.21,78.6652,443.512,1443.18,84.6085,208.383,1464.73,1432.95,539.604,1426.18,1428.52
433,0,238.954,1400.05,975.144,461.078,1362.2,976.269,319.392,1580.4,978.181,424.523,1567.63,982.6,189.086,1475.79,720.35,178.423,1420.72,731.673,187.105,1456.99,676.183,174.701,1402.44,684.849,187.843,1368.12,489.732,292.306,1337.09,476.835,196.516,1505.18,452.841,189.89,1479.6,414.471,204.255,1544.04,421.607,198.223,1521.83,389.059,245.859,1701.83,283.271,326.984,1669.75,269.454,200.889,1721.18,144.004,301.756,1679.75,106.093,239.399,1660.03,104.977,324.813,1750.88,321.236,530.194,1384.3,724.651,515.067,1336.75,737.946,522.93,1381.98,681.802,512.75,1335.64,694.569,474.12,1300.66,519.354,378.086,1322.65,514.742,519.26,1363.16,398.63,501.957,1313.51,398.629,518.612,1365.6,341.347,502.362,1317.78,344.288,494.313,1365.31,117.059,409.953,1348.69,128.275,531.171,1256.06,47.0366,412.845,1237.88,54.8977,470.858,1191.13,78.4933,443.59,1443.22,84.753,208.466,1458.96,1434.52,539.524,1419.66,1430.2
434,0,239.241,1393.55,977.117,461.402,1356.44,977.586,318.91,1574.25,979.82,424.179,1561.25,984.252,188.535,1467.09,722.454,177.575,1412.19,734.553,186.375,1447.66,678.571,173.741,1393.24,688.008,186.784,1355.8,493.146,291.204,1324.48,480.721,195.69,1492.32,454.666,189.082,1466.38,416.623,203.499,1530.86,423.057,197.476,1508.32,390.737,246.119,1687.56,283.032,326.451,1654.73,269.519,199.883,1704.08,143.786,300.544,1661.88,106.22,238.159,1642.22,105.817,324.668,1736.93,319.868,530.302,1380.43,725.506,515.327,1332.76,738.43,523.106,1378.52,682.658,513.009,1332.06,694.987,474.753,1298.91,519.274,378.67,1320.49,514.693,519.626,1362.32,398.874,502.565,1312.63,398.663,518.964,1364.99,341.582,502.965,1317.09,344.341,494.44,1365.25,117.145,410.134,1348.55,128.467,531.245,1256.05,46.9404,412.947,1237.81,54.999,470.954,1191.04,78.3137,443.685,1443.28,84.9165,208.541,1453.21,1436.09,539.422,1413.17,1431.87
435,0,239.579,1387,979.052,461.779,1350.73,978.86,318.335,1568.11,981.432,423.723,1554.87,985.866,187.899,1458.38,724.576,176.743,1403.66,737.439,185.597,1438.34,680.971,172.815,1384.05,691.175,185.776,1343.63,496.578,290.155,1312.06,484.654,194.815,1479.59,456.343,188.28,1453.21,418.663,202.699,1517.76,424.307,196.725,1494.83,392.251,246.303,1673.19,282.432,325.87,1639.61,269.284,198.877,1686.8,143.211,299.355,1643.79,106.083,236.945,1624.21,106.37,324.436,1722.89,318.132,530.402,1376.64,726.328,515.606,1328.86,738.872,523.272,1375.16,683.491,513.293,1328.57,695.374,475.386,1297.2,519.195,379.255,1318.4,514.64,520.011,1361.48,399.118,503.159,1311.78,398.706,519.329,1364.37,341.82,503.556,1316.41,344.403,494.566,1365.18,117.234,410.309,1348.4,128.658,531.322,1256.03,46.839,413.052,1237.74,55.0967,471.055,1190.94,78.1265,443.796,1443.36,85.0997,208.608,1447.47,1437.64,539.297,1406.71,1433.52
436,0,239.961,1380.41,980.936,462.201,1345.08,980.082,317.68,1561.96,983.006,423.162,1548.48,987.426,187.182,1449.67,726.706,175.929,1395.1,740.321,184.773,1429.03,683.375,171.928,1374.86,694.341,184.822,1331.6,500.014,289.164,1299.83,488.614,193.899,1466.99,457.87,187.484,1440.12,420.588,201.862,1504.74,425.359,195.967,1481.37,393.603,246.384,1658.69,281.476,325.238,1624.4,268.759,197.863,1669.3,142.294,298.185,1625.49,105.701,235.752,1605.99,106.65,324.112,1708.74,316.033,530.492,1372.94,727.111,515.902,1325.04,739.267,523.426,1371.89,684.296,513.6,1325.18,695.725,476.014,1295.54,519.112,379.837,1316.37,514.583,520.405,1360.63,399.361,503.736,1310.93,398.755,519.7,1363.75,342.059,504.13,1315.73,344.474,494.689,1365.1,117.325,410.477,1348.25,128.847,531.401,1256.02,46.7342,413.161,1237.67,55.1899,471.161,1190.83,77.9322,443.921,1443.45,85.3024,208.666,1441.73,1439.16,539.151,1400.26,1435.15
437,0,240.379,1373.77,982.758,462.66,1339.47,981.241,316.96,1555.82,984.531,422.507,1542.09,988.92,186.389,1440.95,728.837,175.136,1386.54,743.188,183.91,1419.73,685.773,171.082,1365.66,697.497,183.921,1319.73,503.441,288.232,1287.8,492.583,192.952,1454.51,459.245,186.693,1427.11,422.399,200.992,1491.81,426.218,195.203,1467.96,394.797,246.343,1644.06,280.171,324.554,1609.11,267.951,196.835,1651.6,141.054,297.027,1606.97,105.091,234.578,1587.55,106.676,323.692,1694.5,313.571,530.57,1369.31,727.853,516.212,1321.3,739.612,523.566,1368.71,685.069,513.928,1321.87,696.039,476.634,1293.92,519.025,380.412,1314.4,514.522,520.801,1359.78,399.601,504.294,1310.1,398.808,520.07,1363.12,342.298,504.686,1315.05,344.549,494.806,1365.02,117.419,410.636,1348.1,129.033,531.482,1256,46.6275,413.273,1237.6,55.2786,471.27,1190.72,77.7318,444.058,1443.56,85.5237,208.715,1435.99,1440.65,538.987,1393.81,1436.75
438,0,240.824,1367.11,984.506,463.15,1333.91,982.329,316.188,1549.67,985.997,421.766,1535.68,990.335,185.529,1432.25,730.962,174.365,1377.98,746.034,183.012,1410.44,688.158,170.279,1356.48,700.631,183.073,1308.02,506.844,287.363,1275.98,496.541,191.983,1442.17,460.47,185.906,1414.18,424.098,200.096,1478.95,426.888,194.432,1454.59,395.837,246.169,1629.29,278.527,323.813,1593.74,266.872,195.787,1633.68,139.508,295.876,1588.24,104.273,233.415,1568.9,106.47,323.17,1680.17,310.75,530.635,1365.75,728.552,516.53,1317.62,739.905,523.69,1365.61,685.807,514.273,1318.63,696.312,477.243,1292.33,518.931,380.978,1312.47,514.455,521.19,1358.93,399.839,504.832,1309.26,398.862,520.434,1362.48,342.537,505.223,1314.37,344.629,494.916,1364.93,117.514,410.785,1347.94,129.215,531.564,1255.98,46.5205,413.385,1237.53,55.3628,471.381,1190.59,77.5261,444.205,1443.68,85.7612,208.754,1430.24,1442.1,538.803,1387.38,1438.32
439,0,241.286,1360.43,986.172,463.661,1328.38,983.341,315.378,1543.52,987.396,420.948,1529.26,991.662,184.608,1423.55,733.073,173.618,1369.42,748.849,182.082,1401.18,690.525,169.522,1347.31,703.735,182.28,1296.48,510.213,286.557,1264.37,500.469,191.004,1429.95,461.547,185.126,1401.34,425.685,199.179,1466.18,427.375,193.654,1441.28,396.73,245.853,1614.37,276.554,323.015,1578.29,265.531,194.711,1615.52,137.677,294.725,1569.29,103.267,232.259,1550.03,106.056,322.542,1665.75,307.573,530.689,1362.26,729.209,516.854,1314,740.147,523.796,1362.57,686.509,514.63,1315.47,696.545,477.842,1290.76,518.828,381.532,1310.57,514.381,521.565,1358.08,400.074,505.351,1308.43,398.916,520.786,1361.84,342.774,505.74,1313.68,344.709,495.017,1364.84,117.612,410.922,1347.79,129.391,531.647,1255.96,46.4144,413.497,1237.45,55.4429,471.494,1190.46,77.316,444.355,1443.8,86.0108,208.781,1424.48,1443.5,538.604,1380.94,1439.84
440,0,241.757,1353.73,987.749,464.185,1322.88,984.269,314.54,1537.37,988.723,420.061,1522.84,992.892,183.635,1414.87,735.165,172.898,1360.86,751.624,181.124,1391.95,692.866,168.81,1338.15,706.799,181.542,1285.1,513.534,285.814,1252.98,504.351,190.024,1417.86,462.476,184.35,1388.59,427.163,198.247,1453.5,427.683,192.869,1428.02,397.482,245.393,1599.31,274.264,322.155,1562.77,263.938,193.6,1597.13,135.582,293.564,1550.11,102.093,231.102,1530.93,105.456,321.803,1651.22,304.044,530.731,1358.82,729.824,517.178,1310.42,740.338,523.884,1359.6,687.174,514.996,1312.36,696.739,478.43,1289.2,518.714,382.073,1308.68,514.297,521.923,1357.24,400.305,505.852,1307.6,398.969,521.122,1361.2,343.009,506.24,1313,344.788,495.108,1364.75,117.711,411.048,1347.63,129.562,531.731,1255.94,46.3105,413.607,1237.38,55.5188,471.607,1190.32,77.1022,444.503,1443.93,86.2666,208.796,1418.71,1444.84,538.389,1374.5,1441.31
441,0,242.229,1347.02,989.231,464.714,1317.41,985.111,313.687,1531.21,989.973,419.112,1516.42,994.021,182.62,1406.21,737.23,172.206,1352.31,754.352,180.142,1382.75,695.177,168.146,1329.02,709.814,180.861,1273.89,516.796,285.136,1241.82,508.172,189.052,1405.89,463.259,183.58,1375.95,428.531,197.307,1440.9,427.818,192.077,1414.83,398.097,244.789,1584.09,271.672,321.231,1547.17,262.103,192.447,1578.5,133.246,292.385,1530.71,100.773,229.938,1511.61,104.697,320.951,1636.6,300.171,530.761,1355.44,730.399,517.499,1306.89,740.48,523.953,1356.66,687.802,515.364,1309.29,696.894,479.008,1287.66,518.59,382.601,1306.8,514.2,522.259,1356.4,400.534,506.336,1306.77,399.018,521.44,1360.55,343.241,506.722,1312.32,344.864,495.187,1364.65,117.811,411.161,1347.47,129.727,531.814,1255.92,46.2096,413.716,1237.31,55.5902,471.718,1190.17,76.8854,444.639,1444.06,86.5205,208.797,1412.92,1446.12,538.159,1368.05,1442.73
442,0,242.692,1340.31,990.611,465.241,1311.95,985.864,312.827,1525.05,991.141,418.109,1510.01,995.046,181.574,1397.58,739.261,171.543,1343.78,757.025,179.143,1373.6,697.452,167.527,1319.92,712.771,180.236,1262.86,519.988,284.523,1230.87,511.918,188.095,1394.04,463.896,182.817,1363.4,429.79,196.36,1428.38,427.783,191.279,1401.69,398.58,244.043,1568.72,268.793,320.24,1531.49,260.035,191.246,1559.62,130.691,291.179,1511.09,99.3256,228.758,1492.06,103.801,319.983,1621.87,295.96,530.78,1352.09,730.935,517.811,1303.38,740.576,524.002,1353.76,688.393,515.731,1306.26,697.013,479.578,1286.13,518.454,383.116,1304.92,514.088,522.572,1355.56,400.76,506.804,1305.94,399.064,521.737,1359.91,343.471,507.187,1311.64,344.935,495.253,1364.55,117.912,411.263,1347.3,129.885,531.896,1255.9,46.1123,413.823,1237.23,55.656,471.829,1190.02,76.6662,444.753,1444.17,86.7633,208.785,1407.1,1447.32,537.917,1361.59,1444.09
443,0,243.14,1333.6,991.888,465.759,1306.51,986.528,311.967,1518.88,992.226,417.063,1503.6,995.967,180.508,1388.98,741.251,170.908,1335.27,759.635,178.13,1364.51,699.684,166.953,1310.87,715.662,179.67,1252,523.099,283.975,1220.15,515.575,187.16,1382.3,464.385,182.062,1350.95,430.939,195.411,1415.93,427.58,190.474,1388.62,398.932,243.157,1553.2,265.641,319.177,1515.72,257.743,189.989,1540.49,127.943,289.935,1491.24,97.7713,227.555,1472.29,102.792,318.897,1607.03,291.421,530.784,1348.78,731.434,518.112,1299.89,740.63,524.029,1350.88,688.948,516.093,1303.26,697.1,480.14,1284.6,518.306,383.616,1303.01,513.958,522.859,1354.73,400.984,507.256,1305.1,399.104,522.01,1359.26,343.697,507.636,1310.95,344.998,495.307,1364.44,118.013,411.353,1347.14,130.036,531.977,1255.89,46.0191,413.927,1237.16,55.7151,471.937,1189.87,76.4451,444.836,1444.27,86.9861,208.757,1401.26,1448.44,537.663,1355.13,1445.39
444,0,243.568,1326.91,993.06,466.262,1301.08,987.103,311.113,1512.71,993.226,415.983,1497.22,996.788,179.432,1380.43,743.193,170.301,1326.8,762.175,177.108,1355.47,701.868,166.424,1301.86,718.479,179.164,1241.32,526.119,283.496,1209.67,519.131,186.25,1370.66,464.724,181.316,1338.6,431.975,194.46,1403.55,427.211,189.663,1375.61,399.155,242.137,1537.51,262.233,318.038,1499.87,255.237,188.67,1521.11,125.025,288.647,1471.18,96.1288,226.322,1452.29,101.693,317.692,1592.07,286.565,530.771,1345.49,731.897,518.399,1296.42,740.647,524.035,1348.01,689.468,516.443,1300.26,697.156,480.694,1283.07,518.147,384.102,1301.08,513.808,523.122,1353.89,401.205,507.693,1304.25,399.138,522.26,1358.61,343.921,508.068,1310.26,345.054,495.347,1364.34,118.116,411.43,1346.96,130.181,532.057,1255.87,45.9302,414.03,1237.09,55.7662,472.042,1189.71,76.2227,444.88,1444.33,87.182,208.712,1395.39,1449.48,537.397,1348.66,1446.62
445,0,243.97,1320.22,994.126,466.745,1295.66,987.59,310.27,1506.53,994.14,414.885,1490.88,997.515,178.355,1371.92,745.082,169.722,1318.36,764.637,176.085,1346.5,703.996,165.937,1292.92,721.214,178.717,1230.82,529.038,283.084,1199.41,522.575,185.368,1359.13,464.909,180.579,1326.34,432.894,193.508,1391.24,426.676,188.845,1362.65,399.249,240.986,1521.66,258.589,316.821,1483.93,252.527,187.283,1501.49,121.964,287.308,1450.91,94.4162,225.052,1432.09,100.525,316.367,1576.98,281.404,530.74,1342.2,732.325,518.668,1292.95,740.629,524.019,1345.14,689.953,516.778,1297.27,697.185,481.24,1281.54,517.977,384.573,1299.11,513.636,523.358,1353.04,401.426,508.114,1303.38,399.164,522.485,1357.94,344.142,508.483,1309.55,345.099,495.373,1364.23,118.22,411.496,1346.78,130.32,532.134,1255.85,45.8457,414.131,1237.03,55.8081,472.145,1189.55,75.9992,444.883,1444.37,87.3469,208.65,1389.49,1450.44,537.121,1342.19,1447.77
446,0,244.342,1313.55,995.086,467.203,1290.24,987.993,309.441,1500.35,994.968,413.783,1484.58,998.158,177.285,1363.45,746.911,169.17,1309.98,767.014,175.066,1337.6,706.062,165.49,1284.04,723.857,178.333,1220.5,531.845,282.743,1189.39,525.895,184.513,1347.69,464.936,179.854,1314.17,433.694,192.552,1378.99,425.975,188.022,1349.75,399.213,239.708,1505.64,254.725,315.522,1467.89,249.623,185.824,1481.62,118.787,285.912,1430.44,92.6506,223.739,1411.68,99.3097,314.922,1561.74,275.954,530.689,1338.92,732.721,518.919,1289.48,740.583,523.981,1342.25,690.405,517.094,1294.27,697.19,481.776,1279.99,517.795,385.027,1297.11,513.441,523.568,1352.18,401.644,508.517,1302.5,399.183,522.685,1357.27,344.36,508.88,1308.83,345.134,495.387,1364.11,118.325,411.55,1346.59,130.454,532.209,1255.83,45.7656,414.231,1236.96,55.8399,472.246,1189.39,75.775,444.845,1444.38,87.4793,208.569,1383.57,1451.3,536.834,1335.71,1448.85
447,0,244.681,1306.89,995.942,467.633,1284.83,988.316,308.626,1494.16,995.71,412.689,1478.33,998.726,176.228,1355.05,748.673,168.644,1301.65,769.298,174.061,1328.79,708.057,165.082,1275.24,726.401,178.011,1210.36,534.531,282.474,1179.6,529.08,183.684,1336.34,464.799,179.141,1302.09,434.369,191.592,1366.79,425.105,187.194,1336.89,399.045,238.309,1489.45,250.664,314.139,1451.76,246.536,184.287,1461.51,115.522,284.453,1409.79,90.8485,222.378,1391.09,98.0679,313.358,1546.35,270.232,530.615,1335.62,733.084,519.148,1286.01,740.511,523.921,1339.34,690.826,517.387,1291.25,697.173,482.301,1278.41,517.604,385.463,1295.05,513.222,523.753,1351.29,401.861,508.902,1301.59,399.193,522.86,1356.57,344.575,509.258,1308.09,345.16,495.387,1364,118.43,411.593,1346.39,130.583,532.282,1255.81,45.6895,414.329,1236.91,55.8614,472.345,1189.23,75.5503,444.768,1444.36,87.5796,208.467,1377.61,1452.06,536.538,1329.24,1449.85
448,0,244.984,1300.24,996.698,468.032,1279.43,988.561,307.827,1487.96,996.367,411.61,1472.15,999.225,175.191,1346.7,750.362,168.145,1293.38,771.483,173.075,1320.06,709.973,164.709,1266.51,728.836,177.753,1200.4,537.087,282.278,1170.06,532.119,182.877,1325.06,464.493,178.443,1290.1,434.915,190.622,1354.62,424.066,186.36,1324.08,398.743,236.792,1473.09,246.426,312.672,1435.51,243.277,182.669,1441.18,112.198,282.926,1388.96,89.0261,220.964,1370.31,96.8199,311.675,1530.8,264.257,530.519,1332.31,733.417,519.354,1282.53,740.418,523.839,1336.39,691.216,517.653,1288.21,697.137,482.81,1276.81,517.402,385.88,1292.94,512.98,523.911,1350.38,402.075,509.267,1300.64,399.195,523.011,1355.85,344.789,509.614,1307.32,345.176,495.376,1363.88,118.535,411.626,1346.18,130.711,532.352,1255.79,45.617,414.427,1236.85,55.8726,472.444,1189.07,75.3252,444.654,1444.31,87.6493,208.343,1371.63,1452.73,536.233,1322.77,1450.77
449,0,245.252,1293.61,997.355,468.397,1274.03,988.735,307.04,1481.76,996.942,410.551,1466.02,999.66,174.181,1338.42,751.97,167.671,1285.17,773.561,172.117,1311.43,711.802,164.371,1257.88,731.155,177.559,1190.61,539.504,282.157,1160.75,535.002,182.089,1313.85,464.014,177.759,1278.18,435.329,189.641,1342.5,422.857,185.522,1311.3,398.306,235.16,1456.56,242.033,311.121,1419.16,239.86,180.967,1420.61,108.843,281.327,1367.98,87.1998,219.493,1349.38,95.5863,309.876,1515.08,258.05,530.4,1328.96,733.719,519.534,1279.03,740.306,523.736,1333.41,691.575,517.889,1285.13,697.082,483.302,1275.17,517.19,386.275,1290.78,512.716,524.043,1349.42,402.288,509.608,1299.65,399.188,523.138,1355.09,345.003,509.949,1306.51,345.182,495.353,1363.75,118.641,411.65,1345.95,130.837,532.419,1255.78,45.5476,414.523,1236.8,55.874,472.542,1188.91,75.0999,444.507,1444.23,87.6902,208.195,1365.61,1453.3,535.919,1316.31,1451.61
450,0,245.482,1286.99,997.917,468.727,1268.63,988.841,306.265,1475.55,997.434,409.514,1459.94,1000.03,173.201,1330.21,753.489,167.223,1277.04,775.523,171.193,1302.89,713.534,164.064,1249.34,733.348,177.43,1181,541.774,282.11,1151.69,537.716,181.313,1302.71,463.356,177.093,1266.34,435.606,188.644,1330.4,421.476,184.678,1298.55,397.734,233.419,1439.86,237.509,309.487,1402.7,236.297,179.179,1399.84,105.488,279.654,1346.86,85.3859,217.962,1328.3,94.3879,307.962,1499.17,251.634,530.258,1325.59,733.991,519.687,1275.51,740.175,523.612,1330.37,691.904,518.09,1282,697.01,483.77,1273.48,516.969,386.646,1288.55,512.431,524.149,1348.41,402.498,509.925,1298.61,399.171,523.242,1354.29,345.216,510.26,1305.67,345.182,495.321,1363.62,118.746,411.664,1345.71,130.962,532.484,1255.76,45.4809,414.617,1236.76,55.8666,472.64,1188.75,74.8744,444.329,1444.13,87.7049,208.023,1359.57,1453.77,535.597,1309.86,1452.36
451,0,245.676,1280.39,998.39,469.02,1263.22,988.885,305.5,1469.34,997.846,408.499,1453.91,1000.35,172.255,1322.07,754.913,166.801,1268.98,777.363,170.309,1294.45,715.159,163.788,1240.9,735.406,177.367,1171.57,543.888,282.14,1142.87,540.251,180.545,1291.63,462.518,176.443,1254.57,435.746,187.627,1318.32,419.925,183.827,1285.83,397.027,231.572,1422.98,232.874,307.772,1386.13,232.604,177.305,1378.86,102.162,277.903,1325.61,83.6011,216.367,1307.09,93.2455,305.934,1483.07,245.032,530.092,1322.17,734.234,519.81,1271.96,740.029,523.467,1327.28,692.203,518.255,1278.83,696.921,484.213,1271.73,516.737,386.989,1286.27,512.127,524.228,1347.34,402.705,510.213,1297.52,399.145,523.322,1353.44,345.43,510.546,1304.77,345.173,495.279,1363.49,118.851,411.668,1345.45,131.087,532.546,1255.74,45.4162,414.71,1236.72,55.852,472.739,1188.6,74.6487,444.125,1444.01,87.6979,207.826,1353.49,1454.14,535.267,1303.43,1453.02
452,0,245.833,1273.8,998.776,469.275,1257.82,988.872,304.744,1463.13,998.18,407.505,1447.93,1000.6,171.348,1314.01,756.234,166.402,1261,779.072,169.473,1286.12,716.669,163.539,1232.55,737.32,177.369,1162.31,545.84,282.244,1134.29,542.596,179.775,1280.61,461.496,175.811,1242.86,435.746,186.587,1306.25,418.206,182.971,1273.13,396.189,229.624,1405.93,228.151,305.977,1369.45,228.797,175.344,1357.68,98.8946,276.073,1304.24,81.8624,214.707,1285.76,92.1802,303.794,1466.78,238.27,529.903,1318.7,734.447,519.899,1268.37,739.864,523.301,1324.13,692.471,518.381,1275.61,696.814,484.624,1269.92,516.493,387.303,1283.94,511.805,524.282,1346.21,402.91,510.472,1296.37,399.109,523.379,1352.53,345.644,510.804,1303.82,345.158,495.228,1363.35,118.956,411.662,1345.18,131.212,532.607,1255.72,45.3532,414.8,1236.68,55.8323,472.839,1188.44,74.4226,443.9,1443.86,87.6752,207.604,1347.38,1454.41,534.929,1297.01,1453.61
453,0,245.955,1267.21,999.081,469.492,1252.42,988.805,303.994,1456.92,998.438,406.532,1441.99,1000.8,170.481,1306.03,757.445,166.027,1253.09,780.642,168.687,1277.9,718.055,163.317,1224.31,739.081,177.436,1153.22,547.623,282.423,1125.96,544.74,178.998,1269.63,460.294,175.195,1231.22,435.609,185.519,1294.19,416.324,182.107,1260.45,395.223,227.581,1388.71,223.361,304.107,1352.66,224.894,173.299,1336.33,95.716,274.165,1282.77,80.1879,212.981,1264.33,91.213,301.544,1450.28,231.374,529.691,1315.18,734.629,519.954,1264.74,739.682,523.114,1320.91,692.707,518.465,1272.32,696.688,485,1268.04,516.237,387.586,1281.54,511.467,524.308,1345,403.111,510.697,1295.15,399.062,523.413,1351.56,345.858,511.034,1302.81,345.137,495.168,1363.21,119.061,411.646,1344.9,131.334,532.666,1255.7,45.2911,414.887,1236.64,55.8101,472.94,1188.29,74.196,443.662,1443.7,87.6454,207.355,1341.24,1454.58,534.583,1290.62,1454.1
454,0,246.043,1260.63,999.307,469.671,1247.01,988.689,303.25,1450.71,998.625,405.577,1436.09,1000.95,169.656,1298.14,758.538,165.675,1245.26,782.065,167.957,1269.79,719.307,163.12,1216.17,740.678,177.568,1144.31,549.229,282.675,1117.87,546.675,178.206,1258.7,458.914,174.595,1219.63,435.338,184.422,1282.13,414.286,181.236,1247.78,394.135,225.45,1371.33,218.525,302.165,1335.76,220.913,171.171,1314.81,92.6544,272.181,1261.2,78.596,211.189,1242.82,90.3653,299.186,1433.58,224.369,529.456,1311.6,734.779,519.971,1261.07,739.481,522.906,1317.62,692.911,518.507,1268.98,696.541,485.339,1266.09,515.966,387.833,1279.09,511.113,524.308,1343.73,403.307,510.889,1293.86,399.003,523.424,1350.53,346.071,511.235,1301.74,345.107,495.099,1363.06,119.167,411.616,1344.61,131.452,532.723,1255.68,45.2297,414.969,1236.6,55.7879,473.04,1188.14,73.9685,443.421,1443.53,87.6178,207.081,1335.08,1454.66,534.228,1284.25,1454.51
455,0,246.1,1254.06,999.459,469.814,1241.59,988.527,302.508,1444.5,998.743,404.637,1430.22,1001.04,168.874,1290.33,759.507,165.342,1237.51,783.335,167.285,1261.8,720.416,162.946,1208.13,742.101,177.763,1135.57,550.653,282.997,1110.03,548.39,177.391,1247.82,457.363,174.009,1208.11,434.936,183.295,1270.07,412.099,180.358,1235.13,392.934,223.237,1353.79,213.666,300.155,1318.75,216.875,168.965,1293.13,89.7373,270.124,1239.56,77.1059,209.333,1221.25,89.658,296.724,1416.67,217.285,529.197,1307.96,734.896,519.951,1257.35,739.26,522.678,1314.26,693.08,518.505,1265.57,696.372,485.636,1264.06,515.679,388.044,1276.57,510.745,524.281,1342.37,403.498,511.044,1292.5,398.931,523.412,1349.43,346.282,511.405,1300.61,345.069,495.021,1362.91,119.273,411.572,1344.31,131.566,532.779,1255.67,45.1685,415.047,1236.55,55.7679,473.14,1188,73.7398,443.182,1443.36,87.6007,206.781,1328.88,1454.65,533.865,1277.91,1454.84
456,0,246.127,1247.49,999.54,469.921,1236.17,988.322,301.767,1438.29,998.795,403.707,1424.37,1001.07,168.136,1282.62,760.344,165.027,1229.82,784.443,166.673,1253.93,721.376,162.795,1200.21,743.34,178.021,1127,551.891,283.386,1102.42,549.877,176.547,1236.98,455.651,173.434,1196.65,434.412,182.135,1258,409.776,179.47,1222.49,391.629,220.948,1336.09,208.806,298.08,1301.65,212.8,166.686,1271.32,86.9915,268.001,1217.86,75.7376,207.417,1199.63,89.1118,294.157,1399.56,210.148,528.914,1304.26,734.978,519.891,1253.58,739.015,522.428,1310.83,693.213,518.457,1262.1,696.179,485.89,1261.95,515.373,388.217,1274,510.362,524.227,1340.94,403.683,511.163,1291.06,398.845,523.376,1348.27,346.489,511.543,1299.42,345.02,494.932,1362.75,119.379,411.512,1344,131.672,532.833,1255.65,45.1073,415.119,1236.49,55.7518,473.238,1187.85,73.5098,442.953,1443.19,87.6001,206.456,1322.65,1454.54,533.492,1271.6,1455.08
457,0,246.127,1240.92,999.551,469.995,1230.74,988.074,301.021,1432.09,998.785,402.783,1418.54,1001.06,167.443,1275,761.043,164.729,1222.2,785.382,166.12,1246.18,722.179,162.666,1192.4,744.385,178.339,1118.61,552.936,283.837,1095.05,551.13,175.669,1226.17,453.791,172.868,1185.25,433.775,180.944,1245.93,407.33,178.575,1209.86,390.232,218.589,1318.24,203.968,295.945,1284.44,208.712,164.339,1249.38,84.4426,265.822,1196.1,74.5117,205.451,1177.98,88.7464,291.49,1382.25,202.987,528.607,1300.5,735.024,519.789,1249.76,738.747,522.156,1307.32,693.308,518.364,1258.56,695.959,486.098,1259.75,515.047,388.351,1271.38,509.963,524.145,1339.43,403.858,511.243,1289.55,398.744,523.316,1347.04,346.691,511.65,1298.16,344.96,494.831,1362.58,119.488,411.434,1343.68,131.769,532.887,1255.63,45.0458,415.186,1236.43,55.7408,473.334,1187.71,73.2781,442.735,1443.02,87.6201,206.105,1316.4,1454.35,533.11,1265.31,1455.24
458,0,246.101,1234.35,999.495,470.038,1225.31,987.787,300.269,1425.89,998.715,401.859,1412.72,1000.99,166.793,1267.47,761.598,164.445,1214.66,786.145,165.626,1238.54,722.819,162.557,1184.7,745.229,178.715,1110.4,553.788,284.345,1087.91,552.143,174.755,1215.41,451.796,172.31,1173.9,433.035,179.721,1233.84,404.776,177.67,1197.26,388.758,216.165,1300.26,199.177,293.754,1267.14,204.633,161.933,1227.33,82.1147,263.596,1174.31,73.4493,203.444,1156.32,88.58,288.725,1364.73,195.83,528.277,1296.67,735.032,519.647,1245.88,738.452,521.863,1303.75,693.364,518.224,1254.96,695.712,486.26,1257.48,514.698,388.444,1268.7,509.548,524.036,1337.84,404.024,511.286,1287.97,398.626,523.231,1345.74,346.886,511.724,1296.83,344.886,494.717,1362.4,119.598,411.337,1343.36,131.858,532.938,1255.62,44.9841,415.247,1236.35,55.7356,473.426,1187.57,73.0448,442.53,1442.86,87.6626,205.729,1310.13,1454.07,532.719,1259.06,1455.31
459,0,246.053,1227.77,999.373,470.051,1219.86,987.46,299.507,1419.69,998.587,400.931,1406.9,1000.87,166.185,1260.04,762.005,164.174,1207.19,786.725,165.189,1231.04,723.292,162.467,1177.12,745.865,179.145,1102.36,554.445,284.902,1081,552.912,173.804,1204.68,449.685,171.757,1162.62,432.204,178.47,1221.75,402.134,176.757,1184.67,387.22,213.681,1282.14,194.459,291.513,1249.75,200.587,159.476,1205.2,80.0308,261.336,1152.5,72.5715,201.41,1134.65,88.6294,285.864,1347.03,188.707,527.924,1292.78,735.001,519.463,1241.95,738.128,521.548,1300.1,693.38,518.038,1251.29,695.434,486.375,1255.12,514.325,388.497,1265.97,509.115,523.9,1336.17,404.178,511.29,1286.32,398.491,523.119,1344.37,347.073,511.764,1295.44,344.797,494.589,1362.22,119.71,411.22,1343.03,131.937,532.989,1255.6,44.9223,415.302,1236.27,55.7365,473.515,1187.42,72.81,442.338,1442.7,87.7282,205.328,1303.83,1453.71,532.315,1252.83,1455.31
460,0,245.983,1221.19,999.185,470.037,1214.41,987.094,298.732,1413.48,998.403,399.995,1401.09,1000.7,165.617,1252.71,762.261,163.915,1199.79,787.115,164.802,1223.65,723.593,162.395,1169.66,746.289,179.625,1094.5,554.907,285.503,1074.3,553.437,172.816,1193.99,447.474,171.21,1151.41,431.298,177.191,1209.65,399.422,175.835,1172.12,385.637,211.142,1263.89,189.839,289.227,1232.28,196.599,156.979,1182.99,78.2126,259.056,1130.68,71.8998,199.363,1113,88.91,282.91,1329.13,181.646,527.549,1288.82,734.929,519.236,1237.96,737.774,521.212,1296.38,693.354,517.806,1247.56,695.125,486.444,1252.69,513.927,388.509,1263.18,508.664,523.737,1334.43,404.32,511.257,1284.59,398.336,522.981,1342.94,347.251,511.772,1293.99,344.693,494.446,1362.02,119.823,411.084,1342.69,132.006,533.037,1255.59,44.8607,415.353,1236.17,55.7438,473.6,1187.28,72.574,442.159,1442.55,87.8164,204.902,1297.51,1453.28,531.9,1246.63,1455.23
461,0,245.893,1214.61,998.93,469.997,1208.94,986.69,297.941,1407.26,998.166,399.048,1395.27,1000.48,165.084,1245.48,762.364,163.668,1192.48,787.311,164.46,1216.39,723.722,162.34,1162.31,746.497,180.15,1086.82,555.176,286.138,1067.8,553.717,171.795,1183.34,445.185,170.666,1140.26,430.328,175.891,1197.55,396.661,174.905,1159.59,384.024,208.553,1245.53,185.343,286.902,1214.73,192.692,154.455,1160.73,76.6806,256.771,1108.88,71.4559,197.319,1091.38,89.4364,279.866,1311.06,174.678,527.152,1284.81,734.816,518.969,1233.92,737.387,520.855,1292.6,693.286,517.531,1243.77,694.784,486.469,1250.18,513.504,388.483,1260.35,508.193,523.546,1332.62,404.448,511.187,1282.81,398.162,522.817,1341.46,347.418,511.747,1292.49,344.572,494.288,1361.82,119.939,410.927,1342.34,132.065,533.084,1255.58,44.7999,415.398,1236.07,55.7568,473.681,1187.13,72.3375,441.993,1442.41,87.9254,204.45,1291.18,1452.77,531.47,1240.45,1455.07
462,0,245.783,1208.02,998.608,469.933,1203.46,986.247,297.133,1401.04,997.875,398.086,1389.45,1000.2,164.582,1238.35,762.314,163.431,1185.24,787.31,164.154,1209.25,723.678,162.301,1155.09,746.489,180.713,1079.32,555.256,286.799,1061.51,553.756,170.745,1172.72,442.836,170.125,1129.19,429.312,174.571,1185.45,393.874,173.966,1147.11,382.401,205.917,1227.07,180.998,284.543,1197.11,188.89,151.915,1138.43,75.4539,254.498,1087.11,71.2616,195.294,1069.81,90.2223,276.735,1292.81,167.834,526.735,1280.74,734.663,518.66,1229.82,736.967,520.479,1288.76,693.176,517.212,1239.92,694.411,486.451,1247.6,513.055,388.419,1257.47,507.701,523.329,1330.75,404.561,511.081,1280.96,397.968,522.626,1339.91,347.574,511.689,1290.93,344.434,494.113,1361.61,120.058,410.751,1342,132.115,533.129,1255.57,44.7404,415.44,1235.96,55.7739,473.758,1186.99,72.101,441.837,1442.27,88.0532,203.974,1284.83,1452.2,531.026,1234.3,1454.84
463,0,245.655,1201.42,998.218,469.847,1197.97,985.765,296.307,1394.8,997.533,397.108,1383.6,999.88,164.106,1231.33,762.109,163.203,1178.1,787.111,163.873,1202.22,723.463,162.275,1147.99,746.264,181.307,1071.99,555.154,287.476,1055.4,553.559,169.673,1162.15,440.446,169.588,1118.2,428.264,173.236,1173.35,391.084,173.019,1134.68,380.786,203.241,1208.51,176.831,282.156,1179.44,185.216,149.375,1116.13,74.5513,252.255,1065.39,71.3383,193.305,1048.32,91.2811,273.52,1274.42,161.144,526.299,1276.61,734.468,518.313,1225.68,736.513,520.085,1284.85,693.025,516.854,1236.01,694.004,486.393,1244.95,512.579,388.32,1254.54,507.188,523.085,1328.82,404.66,510.943,1279.05,397.754,522.409,1338.32,347.719,511.6,1289.32,344.278,493.924,1361.39,120.18,410.556,1341.64,132.157,533.171,1255.57,44.6827,415.478,1235.84,55.7926,473.832,1186.84,71.8652,441.692,1442.13,88.1974,203.473,1278.47,1451.56,530.565,1228.17,1454.53
464,0,245.509,1194.81,997.758,469.738,1192.46,985.245,295.462,1388.54,997.14,396.112,1377.74,999.506,163.651,1224.41,761.751,162.983,1171.04,786.715,163.608,1195.31,723.079,162.263,1141,745.826,181.925,1064.84,554.875,288.161,1049.47,553.132,168.585,1151.62,438.033,169.052,1107.3,427.199,171.892,1161.27,388.31,172.063,1122.31,379.197,200.53,1189.88,172.866,279.747,1161.73,181.695,146.849,1093.83,73.9902,250.059,1043.76,71.707,191.366,1026.93,92.6258,270.227,1255.87,154.637,525.848,1272.42,734.234,517.927,1221.48,736.023,519.676,1280.89,692.834,516.458,1232.05,693.564,486.299,1242.25,512.079,388.189,1251.58,506.653,522.817,1326.84,404.745,510.773,1277.1,397.521,522.166,1336.68,347.852,511.48,1287.67,344.105,493.72,1361.16,120.307,410.345,1341.28,132.192,533.211,1255.56,44.6273,415.515,1235.72,55.8099,473.903,1186.69,71.631,441.556,1442,88.356,202.946,1272.09,1450.86,530.086,1222.06,1454.15
465,0,245.343,1188.2,997.227,469.607,1186.93,984.686,294.598,1382.27,996.697,395.098,1371.86,999.081,163.211,1217.59,761.241,162.771,1164.07,786.126,163.35,1188.52,722.528,162.262,1134.13,745.179,182.558,1057.85,554.428,288.844,1043.7,552.485,167.487,1141.14,435.616,168.519,1096.49,426.131,170.541,1149.22,385.574,171.098,1110,377.649,197.79,1171.19,169.129,277.323,1144,178.349,144.352,1071.58,73.7867,247.928,1022.23,72.3864,189.496,1005.65,94.269,266.859,1237.21,148.344,525.383,1268.19,733.961,517.506,1217.24,735.499,519.254,1276.88,692.604,516.028,1228.03,693.092,486.171,1239.49,511.554,388.027,1248.57,506.096,522.524,1324.8,404.816,510.576,1275.1,397.27,521.9,1334.99,347.976,511.332,1285.98,343.915,493.504,1360.92,120.439,410.118,1340.92,132.222,533.248,1255.56,44.5744,415.549,1235.6,55.8238,473.972,1186.55,71.3988,441.428,1441.87,88.5274,202.395,1265.71,1450.1,529.588,1215.96,1453.71
466,0,245.158,1181.57,996.626,469.453,1181.38,984.087,293.715,1375.97,996.204,394.065,1365.95,998.605,162.778,1210.88,760.582,162.566,1157.19,785.349,163.089,1181.83,721.815,162.27,1127.39,744.33,183.197,1051.03,553.825,289.514,1038.09,551.629,166.386,1130.72,433.208,167.986,1085.78,425.073,169.189,1137.21,382.892,170.126,1097.78,376.159,195.029,1152.46,165.642,274.891,1126.27,175.198,141.9,1049.38,73.9555,245.877,1000.84,73.3919,187.709,984.526,96.2226,263.427,1218.43,142.291,524.906,1263.9,733.652,517.052,1212.96,734.941,518.821,1272.81,692.338,515.568,1223.97,692.589,486.013,1236.68,511.006,387.838,1245.53,505.517,522.21,1322.73,404.874,510.354,1273.05,397.002,521.611,1333.27,348.09,511.156,1284.26,343.709,493.276,1360.67,120.579,409.877,1340.55,132.248,533.283,1255.56,44.5242,415.582,1235.49,55.833,474.04,1186.4,71.1694,441.307,1441.74,88.7105,201.818,1259.31,1449.29,529.07,1209.88,1453.19
467,0,244.953,1174.94,995.954,469.276,1175.8,983.45,292.814,1369.64,995.661,393.014,1360.01,998.08,162.346,1204.26,759.779,162.366,1150.41,784.39,162.821,1175.27,720.943,162.286,1120.75,743.288,183.832,1044.37,553.075,290.163,1032.61,550.574,165.287,1120.35,430.824,167.452,1075.18,424.036,167.837,1125.24,380.279,169.146,1085.64,374.739,192.258,1133.72,162.426,272.461,1108.56,172.263,139.507,1027.29,74.5087,243.921,979.621,74.7364,186.018,963.572,98.4971,259.942,1199.56,136.505,524.421,1259.57,733.309,516.568,1208.63,734.351,518.379,1268.7,692.038,515.08,1219.86,692.056,485.83,1233.82,510.437,387.626,1242.45,504.917,521.876,1320.62,404.92,510.111,1270.97,396.72,521.302,1331.52,348.197,510.955,1282.52,343.488,493.039,1360.41,120.729,409.626,1340.18,132.273,533.315,1255.56,44.4766,415.615,1235.37,55.8374,474.108,1186.26,70.9431,441.193,1441.61,88.9048,201.216,1252.91,1448.43,528.53,1203.81,1452.61
468,0,244.726,1168.29,995.212,469.075,1170.2,982.774,291.895,1363.29,995.069,391.945,1354.05,997.504,161.909,1197.74,758.837,162.17,1143.72,783.259,162.54,1168.81,719.917,162.307,1114.23,742.063,184.456,1037.86,552.192,290.78,1027.25,549.337,164.194,1110.05,428.476,166.915,1064.7,423.03,166.49,1113.34,377.747,168.159,1073.61,373.4,189.488,1114.99,159.499,270.042,1090.88,169.562,137.188,1005.32,75.4551,242.07,958.596,76.4306,184.436,942.819,101.101,256.415,1180.63,131.008,523.929,1255.19,732.935,516.058,1204.27,733.729,517.93,1264.55,691.708,514.57,1215.71,691.496,485.626,1230.92,509.848,387.393,1239.34,504.296,521.524,1318.47,404.956,509.85,1268.86,396.426,520.976,1329.74,348.3,510.732,1280.76,343.253,492.794,1360.14,120.892,409.366,1339.81,132.299,533.345,1255.56,44.4315,415.648,1235.27,55.8376,474.177,1186.12,70.7205,441.084,1441.48,89.1104,200.586,1246.5,1447.52,527.968,1197.74,1451.97
469,0,244.476,1161.63,994.402,468.848,1164.58,982.06,290.96,1356.91,994.428,390.858,1348.05,996.878,161.456,1191.31,757.763,161.977,1137.11,781.966,162.239,1162.46,718.747,162.33,1107.81,740.667,185.056,1031.49,551.19,291.356,1022.01,547.93,163.111,1099.82,426.172,166.374,1054.33,422.062,165.149,1101.51,375.308,167.166,1061.69,372.151,186.732,1096.3,156.873,267.645,1073.28,167.108,134.958,983.503,76.7996,240.335,937.797,78.4817,182.973,922.3,104.039,252.862,1161.66,125.822,523.433,1250.77,732.533,515.524,1199.86,733.08,517.477,1260.35,691.35,514.041,1211.51,690.91,485.405,1227.98,509.242,387.143,1236.21,503.656,521.157,1316.29,404.985,509.576,1266.72,396.121,520.635,1327.93,348.399,510.49,1278.98,343.006,492.545,1359.86,121.071,409.1,1339.43,132.328,533.373,1255.56,44.3886,415.684,1235.17,55.8345,474.248,1185.99,70.5015,440.982,1441.35,89.3281,199.93,1240.08,1446.57,527.382,1191.68,1451.27
470,0,244.201,1154.95,993.526,468.596,1158.92,981.309,290.008,1350.51,993.738,389.755,1342.02,996.203,160.982,1184.96,756.568,161.785,1130.59,780.521,161.914,1156.21,717.439,162.352,1101.5,739.112,185.623,1025.26,550.082,291.882,1016.87,546.371,162.039,1089.66,423.921,165.826,1044.08,421.138,163.816,1089.76,372.97,166.168,1049.88,370.997,184.005,1077.67,154.56,265.281,1055.77,164.915,132.829,961.886,78.5421,238.725,917.257,80.8917,181.636,902.047,107.314,249.298,1142.67,120.964,522.935,1246.32,732.107,514.969,1195.42,732.405,517.021,1256.11,690.969,513.495,1207.28,690.302,485.17,1225,508.621,386.88,1233.04,502.999,520.778,1314.08,405.008,509.292,1264.55,395.808,520.281,1326.11,348.498,510.234,1277.18,342.751,492.293,1359.56,121.268,408.83,1339.04,132.363,533.4,1255.57,44.3476,415.721,1235.07,55.8291,474.321,1185.85,70.2864,440.885,1441.21,89.5592,199.245,1233.64,1445.57,526.77,1185.62,1450.52
471,0,243.9,1148.26,992.585,468.315,1153.23,980.524,289.041,1344.07,993,388.636,1335.96,995.478,160.477,1178.67,755.261,161.59,1124.16,778.937,161.562,1150.06,716.004,162.369,1095.28,737.412,186.148,1019.15,548.885,292.35,1011.81,544.675,160.981,1079.59,421.728,165.268,1033.97,420.261,162.492,1078.11,370.738,165.166,1038.21,369.943,181.322,1059.15,152.565,262.963,1038.38,162.99,130.814,940.504,80.6772,237.244,897.007,83.6567,180.429,882.094,110.92,245.742,1123.7,116.45,522.438,1241.82,731.66,514.397,1190.95,731.708,516.565,1251.84,690.567,512.938,1203.01,689.674,484.925,1221.99,507.987,386.604,1229.85,502.325,520.39,1311.85,405.028,509,1262.37,395.489,519.919,1324.26,348.599,509.968,1275.37,342.491,492.04,1359.25,121.487,408.56,1338.65,132.406,533.424,1255.57,44.3083,415.761,1234.98,55.8224,474.397,1185.72,70.0751,440.796,1441.06,89.8051,198.531,1227.2,1444.53,526.133,1179.56,1449.71
472,0,243.571,1141.55,991.582,468.007,1147.51,979.705,288.06,1337.6,992.214,387.502,1329.86,994.705,159.934,1172.45,753.856,161.391,1117.8,777.228,161.178,1144,714.453,162.378,1089.14,735.582,186.619,1013.15,547.614,292.751,1006.82,542.86,159.935,1069.6,419.599,164.695,1023.99,419.435,161.177,1066.55,368.618,164.163,1026.67,368.989,178.702,1040.76,150.889,260.705,1021.14,161.342,128.922,919.396,83.193,235.897,877.077,86.7666,179.356,862.475,114.849,242.218,1104.78,112.291,521.943,1237.28,731.196,513.81,1186.44,730.99,516.109,1247.53,690.148,512.37,1198.7,689.028,484.672,1218.94,507.344,386.32,1226.63,501.638,519.995,1309.59,405.046,508.703,1260.16,395.164,519.55,1322.39,348.703,509.696,1273.55,342.228,491.79,1358.92,121.731,408.291,1338.24,132.46,533.447,1255.58,44.2704,415.805,1234.89,55.8155,474.477,1185.6,69.8672,440.715,1440.91,90.068,197.787,1220.74,1443.45,525.468,1173.5,1448.85
473,0,243.213,1134.83,990.519,467.67,1141.75,978.855,287.066,1331.1,991.382,386.355,1323.74,993.885,159.349,1166.27,752.362,161.181,1111.5,775.408,160.76,1138.02,712.799,162.372,1083.08,733.639,187.026,1007.24,546.286,293.076,1001.89,540.943,158.9,1059.7,417.535,164.105,1014.14,418.659,159.872,1055.11,366.612,163.159,1015.28,368.134,176.162,1022.54,149.529,258.519,1004.08,159.971,127.164,898.604,86.0703,234.686,857.498,90.2046,178.415,843.221,119.081,238.753,1085.95,108.493,521.453,1232.71,730.716,513.211,1181.9,730.256,515.654,1243.19,689.715,511.793,1194.36,688.367,484.415,1215.87,506.693,386.03,1223.39,500.939,519.597,1307.31,405.065,508.401,1257.94,394.834,519.177,1320.51,348.813,509.42,1271.71,341.967,491.544,1358.58,122.003,408.025,1337.83,132.526,533.47,1255.59,44.2338,415.852,1234.81,55.809,474.56,1185.47,69.6624,440.643,1440.75,90.3502,197.013,1214.27,1442.34,524.775,1167.44,1447.94
474,0,242.824,1128.1,989.401,467.304,1135.96,977.975,286.059,1324.57,990.504,385.194,1317.58,993.019,158.724,1160.15,750.789,160.957,1105.27,773.493,160.307,1132.11,711.055,162.347,1077.08,731.598,187.36,1001.4,544.916,293.319,996.991,538.941,157.873,1049.89,415.537,163.494,1004.42,417.932,158.576,1043.79,364.719,162.156,1004.04,367.373,173.72,1004.52,148.477,256.42,987.217,158.878,125.547,878.17,89.2825,233.608,838.3,93.9472,177.605,824.365,123.593,235.378,1067.24,105.055,520.967,1228.1,730.225,512.601,1177.32,729.507,515.2,1238.81,689.271,511.209,1189.98,687.692,484.154,1212.77,506.037,385.733,1220.12,500.229,519.198,1305,405.086,508.097,1255.69,394.499,518.803,1318.6,348.928,509.142,1269.85,341.708,491.304,1358.21,122.305,407.766,1337.41,132.609,533.491,1255.6,44.1983,415.903,1234.72,55.8039,474.647,1185.35,69.4602,440.582,1440.58,90.6549,196.208,1207.79,1441.19,524.053,1161.36,1446.98
475,0,242.404,1121.36,988.232,466.91,1130.14,977.069,285.04,1318.01,989.583,384.021,1311.39,992.108,158.062,1154.05,749.147,160.713,1099.08,771.5,159.818,1126.25,709.236,162.296,1071.13,729.477,187.611,995.628,543.52,293.47,992.116,536.872,156.848,1040.19,413.605,162.856,994.852,417.252,157.291,1032.6,362.936,161.156,992.958,366.701,171.394,986.746,147.718,254.421,970.582,158.059,124.075,858.137,92.7949,232.662,819.511,97.9648,176.92,805.937,128.353,232.13,1048.69,101.971,520.487,1223.46,729.723,511.984,1172.7,728.745,514.747,1234.4,688.816,510.62,1185.57,687.006,483.891,1209.63,505.378,385.433,1216.83,499.512,518.801,1302.66,405.11,507.79,1253.43,394.16,518.43,1316.66,349.052,508.863,1267.97,341.454,491.072,1357.83,122.642,407.514,1336.97,132.709,533.511,1255.61,44.1638,415.957,1234.64,55.8005,474.737,1185.24,69.26,440.532,1440.39,90.9866,195.37,1201.28,1440.01,523.302,1155.28,1445.98
476,0,241.953,1114.6,987.014,466.487,1124.28,976.139,284.01,1311.42,988.619,382.837,1305.18,991.155,157.368,1147.99,747.446,160.444,1092.91,769.447,159.292,1120.42,707.358,162.214,1065.21,727.293,187.77,989.892,542.11,293.523,987.247,534.754,155.822,1030.58,411.737,162.189,985.419,416.615,156.018,1021.54,361.26,160.158,982.044,366.109,169.201,969.244,147.236,252.534,954.202,157.506,122.753,838.543,96.5651,231.843,801.156,102.222,176.353,787.964,133.321,229.043,1030.34,99.2261,520.012,1218.78,729.213,511.361,1168.05,727.973,514.294,1229.96,688.354,510.025,1181.11,686.31,483.625,1206.47,504.718,385.127,1213.51,498.788,518.408,1300.29,405.14,507.48,1251.15,393.815,518.06,1314.69,349.183,508.585,1266.06,341.207,490.85,1357.43,123.014,407.272,1336.53,132.829,533.53,1255.62,44.1301,416.016,1234.56,55.7993,474.829,1185.12,69.0613,440.495,1440.19,91.3511,194.499,1194.75,1438.8,522.519,1149.19,1444.94
477,0,241.47,1107.82,985.752,466.037,1118.39,975.187,282.97,1304.8,987.615,381.642,1298.93,990.161,156.649,1141.94,745.698,160.145,1086.76,767.352,158.73,1114.61,705.438,162.093,1059.3,725.066,187.829,984.175,540.702,293.472,982.364,532.605,154.791,1021.07,409.93,161.487,976.127,416.014,154.758,1010.62,359.685,159.162,971.302,365.589,167.157,952.05,147.007,250.772,938.099,157.206,121.583,819.429,100.544,231.146,783.26,106.679,175.893,770.47,138.451,226.153,1012.21,96.8067,519.542,1214.07,728.696,510.734,1163.36,727.19,513.84,1225.48,687.884,509.425,1176.63,685.604,483.355,1203.27,504.057,384.817,1210.16,498.06,518.021,1297.88,405.175,507.166,1248.84,393.467,517.696,1312.7,349.324,508.306,1264.13,340.968,490.639,1357,123.421,407.041,1336.06,132.972,533.548,1255.63,44.0973,416.079,1234.48,55.8004,474.922,1185,68.8633,440.469,1439.98,91.7547,193.594,1188.2,1437.55,521.706,1143.09,1443.86
478,0,240.955,1101.04,984.45,465.562,1112.47,974.214,281.921,1298.16,986.574,380.437,1292.66,989.13,155.909,1135.89,743.917,159.81,1080.61,765.236,158.133,1108.8,703.492,161.928,1053.38,722.815,187.781,978.457,539.304,293.311,977.45,530.442,153.752,1011.67,408.182,160.749,966.975,415.443,153.513,999.854,358.202,158.168,960.734,365.128,165.275,935.197,147.004,249.142,922.297,157.144,120.564,800.83,104.674,230.563,765.844,111.291,175.529,753.479,143.693,223.489,994.36,94.6977,519.077,1209.33,728.172,510.104,1158.64,726.399,513.384,1220.96,687.407,508.82,1172.11,684.889,483.082,1200.03,503.398,384.502,1206.78,497.329,517.64,1295.42,405.216,506.85,1246.5,393.12,517.337,1310.66,349.474,508.026,1262.16,340.738,490.441,1356.56,123.863,406.824,1335.58,133.141,533.566,1255.64,44.0653,416.145,1234.39,55.8035,475.017,1184.89,68.6653,440.454,1439.74,92.2041,192.653,1181.62,1436.28,520.861,1136.97,1442.75
479,0,240.409,1094.23,983.112,465.062,1106.51,973.222,280.862,1291.49,985.499,379.223,1286.36,988.064,155.152,1129.83,742.118,159.434,1074.43,763.117,157.504,1102.96,701.539,161.712,1047.44,720.561,187.62,972.716,537.926,293.036,972.487,528.283,152.702,1002.38,406.485,159.971,957.964,414.893,152.286,989.239,356.801,157.175,950.345,364.714,163.565,918.719,147.193,247.655,906.818,157.301,119.692,782.78,108.894,230.088,748.928,116.015,175.248,737.009,148.991,221.072,976.824,92.8852,518.613,1204.55,727.642,509.473,1153.88,725.599,512.925,1216.41,686.924,508.211,1167.55,684.165,482.801,1196.76,502.739,384.179,1203.36,496.596,517.267,1292.92,405.264,506.529,1244.13,392.774,516.987,1308.58,349.634,507.744,1260.16,340.517,490.256,1356.11,124.337,406.622,1335.08,133.336,533.582,1255.64,44.0338,416.213,1234.31,55.8084,475.111,1184.78,68.4663,440.452,1439.49,92.7058,191.676,1175.02,1434.97,519.984,1130.84,1441.6
480,0,239.833,1087.41,981.742,464.539,1100.53,972.214,279.794,1284.79,984.393,377.999,1280.03,986.968,154.381,1123.74,740.315,159.015,1068.21,761.016,156.844,1097.08,699.597,161.438,1041.45,718.324,187.345,966.935,536.575,292.646,967.457,526.143,151.642,993.195,404.835,159.154,949.092,414.356,151.079,978.787,355.471,156.184,940.14,364.332,162.037,902.647,147.54,246.313,891.686,157.651,118.965,765.308,113.138,229.713,732.529,120.803,175.035,721.077,154.288,218.916,959.647,91.3538,518.149,1199.73,727.105,508.841,1149.08,724.791,512.461,1211.82,686.433,507.599,1162.95,683.431,482.513,1193.44,502.08,383.847,1199.92,495.862,516.903,1290.37,405.318,506.203,1241.7,392.431,516.645,1306.45,349.804,507.46,1258.12,340.306,490.087,1355.63,124.841,406.436,1334.55,133.561,533.596,1255.65,44.0026,416.285,1234.22,55.8145,475.206,1184.67,68.2655,440.461,1439.21,93.2656,190.66,1168.38,1433.64,519.075,1124.7,1440.42
481,0,239.229,1080.57,980.345,463.996,1094.52,971.188,278.718,1278.07,983.261,376.767,1273.68,985.846,153.598,1117.6,738.524,158.547,1061.93,758.952,156.155,1091.14,697.684,161.104,1035.39,716.126,186.955,961.094,535.255,292.141,962.342,524.039,150.573,984.119,403.226,158.297,940.358,413.82,149.898,968.504,354.202,155.195,930.122,363.966,160.695,887.012,148.005,245.12,876.921,158.168,118.374,748.439,117.338,229.429,716.664,125.608,174.874,705.7,159.525,217.034,942.875,90.0823,517.68,1194.88,726.56,508.209,1144.25,723.974,511.991,1207.2,685.935,506.984,1158.32,682.688,482.214,1190.07,501.421,383.505,1196.43,495.127,516.547,1287.76,405.379,505.873,1239.23,392.094,516.312,1304.28,349.984,507.173,1256.03,340.104,489.936,1355.14,125.375,406.268,1334.01,133.818,533.61,1255.65,43.9715,416.359,1234.13,55.8216,475.299,1184.57,68.0617,440.482,1438.91,93.8887,189.604,1161.72,1432.29,518.132,1118.54,1439.22
482,0,238.597,1073.72,978.924,463.433,1088.48,970.147,277.633,1271.32,982.108,375.527,1267.3,984.702,152.803,1111.39,736.762,158.031,1055.57,756.945,155.439,1085.1,695.816,160.704,1029.25,713.987,186.453,955.178,533.969,291.525,957.124,521.984,149.498,975.153,401.652,157.402,931.759,413.274,148.746,958.398,352.979,154.21,920.295,363.602,159.538,871.843,148.547,244.073,862.547,158.822,117.911,732.195,121.426,229.228,701.349,130.382,174.749,690.887,164.643,215.434,926.549,89.0414,517.201,1190,726.004,507.577,1139.38,723.148,511.515,1202.54,685.428,506.367,1153.65,681.934,481.902,1186.66,500.76,383.151,1192.91,494.393,516.199,1285.09,405.447,505.538,1236.7,391.762,515.989,1302.04,350.174,506.881,1253.88,339.911,489.803,1354.64,125.938,406.12,1333.44,134.107,533.622,1255.66,43.9399,416.435,1234.04,55.8296,475.392,1184.46,67.8539,440.515,1438.59,94.5798,188.508,1155.03,1430.92,517.155,1112.37,1438
483,0,237.941,1066.85,977.483,462.853,1082.42,969.09,276.541,1264.55,980.937,374.279,1260.9,983.54,151.997,1105.09,735.044,157.465,1049.12,755.012,154.695,1078.96,694.011,160.237,1022.99,711.928,185.844,949.171,532.716,290.805,951.785,519.99,148.422,966.301,400.108,156.474,923.294,412.707,147.629,948.478,351.793,153.23,910.662,363.223,158.563,857.167,149.125,243.169,848.589,159.579,117.566,716.59,125.339,229.1,686.6,135.076,174.648,676.651,169.583,214.122,910.706,88.1934,516.708,1185.07,725.437,506.945,1134.47,722.314,511.031,1197.84,684.912,505.748,1148.95,681.171,481.577,1183.18,500.096,382.782,1189.34,493.657,515.859,1282.35,405.521,505.197,1234.1,391.436,515.676,1299.74,350.376,506.585,1251.69,339.729,489.69,1354.11,126.533,405.992,1332.84,134.432,533.632,1255.65,43.9076,416.513,1233.94,55.8385,475.484,1184.36,67.6412,440.56,1438.23,95.3426,187.369,1148.3,1429.52,516.143,1106.18,1436.75
484,0,237.262,1059.96,976.028,462.255,1076.34,968.019,275.441,1257.75,979.753,373.024,1254.47,982.367,151.178,1098.69,733.384,156.85,1042.55,753.17,153.924,1072.69,692.283,159.703,1016.61,709.966,185.137,943.061,531.496,289.989,946.309,518.069,147.351,957.565,398.588,155.518,914.956,412.108,146.553,938.751,350.631,152.26,901.226,362.815,157.762,843.009,149.699,242.399,835.068,160.404,117.326,701.636,129.015,229.037,672.429,139.639,174.555,662.998,174.29,213.1,895.383,87.4956,516.198,1180.11,724.857,506.314,1129.53,721.47,510.539,1193.09,684.386,505.128,1144.2,680.398,481.237,1179.64,499.429,382.398,1185.72,492.92,515.526,1279.54,405.601,504.85,1231.44,391.116,515.372,1297.38,350.588,506.285,1249.43,339.555,489.599,1353.57,127.16,405.884,1332.22,134.795,533.64,1255.65,43.8741,416.594,1233.84,55.8487,475.576,1184.25,67.4227,440.616,1437.85,96.1806,186.186,1141.55,1428.11,515.096,1099.97,1435.49
485,0,236.563,1053.05,974.561,461.641,1070.23,966.932,274.333,1250.92,978.562,371.76,1248.01,981.185,150.343,1092.16,731.795,156.189,1035.86,751.431,153.126,1066.27,690.646,159.105,1010.08,708.118,184.346,936.838,530.306,289.09,940.678,516.23,146.293,948.949,397.09,154.542,906.742,411.466,145.522,929.226,349.483,151.301,891.989,362.364,157.122,829.392,150.229,241.752,822.009,161.259,117.177,687.34,132.402,229.027,658.85,144.02,174.462,649.932,178.709,212.358,880.614,86.9062,515.672,1175.1,724.263,505.681,1124.55,720.618,510.037,1188.31,683.849,504.506,1139.42,679.615,480.88,1176.03,498.757,381.999,1182.05,492.179,515.198,1276.66,405.688,504.497,1228.7,390.802,515.077,1294.95,350.813,505.98,1247.12,339.392,489.53,1353,127.822,405.799,1331.57,135.196,533.645,1255.64,43.8391,416.678,1233.74,55.8603,475.667,1184.15,67.198,440.683,1437.43,97.0967,184.959,1134.76,1426.69,514.011,1093.73,1434.22
486,0,235.845,1046.11,973.089,461.01,1064.1,965.83,273.217,1244.06,977.368,370.487,1241.53,980,149.491,1085.49,730.288,155.485,1029.05,749.807,152.299,1059.68,689.11,158.448,1003.41,706.398,183.484,930.495,529.143,288.123,934.878,514.481,145.257,940.457,395.61,153.555,898.645,410.771,144.544,919.909,348.34,150.36,882.952,361.857,156.626,816.333,150.679,241.215,809.434,162.104,117.106,673.707,135.454,229.061,645.874,148.164,174.358,637.458,182.791,211.868,866.433,86.3871,515.128,1170.06,723.657,505.047,1119.53,719.759,509.524,1183.48,683.301,503.883,1134.59,678.822,480.506,1172.36,498.079,381.583,1178.31,491.434,514.875,1273.69,405.783,504.137,1225.89,390.492,514.788,1292.44,351.05,505.669,1244.74,339.239,489.484,1352.4,128.522,405.735,1330.88,135.638,533.648,1255.63,43.8023,416.766,1233.64,55.8739,475.76,1184.05,66.9665,440.759,1436.98,98.0938,183.685,1127.95,1425.26,512.887,1087.48,1432.95
487,0,235.11,1039.15,971.616,460.361,1057.95,964.715,272.09,1237.18,976.174,369.205,1235.01,978.816,148.619,1078.67,728.871,154.745,1022.09,748.305,151.443,1052.92,687.682,157.741,996.583,704.815,182.568,924.026,528.004,287.106,928.897,512.831,144.253,932.094,394.146,152.569,890.658,410.014,143.623,910.807,347.193,149.441,874.116,361.285,156.254,803.847,151.019,240.772,797.364,162.899,117.095,660.739,138.133,229.126,633.509,152.015,174.242,625.572,186.489,211.595,852.874,85.9037,514.566,1164.98,723.037,504.41,1114.47,718.893,508.999,1178.61,682.742,503.258,1129.72,678.022,480.115,1168.6,497.397,381.152,1174.5,490.683,514.553,1270.65,405.886,503.768,1223,390.187,514.506,1289.86,351.303,505.352,1242.29,339.098,489.461,1351.78,129.263,405.692,1330.16,136.124,533.648,1255.61,43.7634,416.857,1233.53,55.8899,475.853,1183.95,66.7283,440.844,1436.49,99.1749,182.363,1121.11,1423.82,511.723,1081.2,1431.66
488,0,234.361,1032.16,970.147,459.694,1051.76,963.586,270.953,1230.26,974.986,367.912,1228.47,977.637,147.724,1071.69,727.548,153.975,1015.01,746.928,150.558,1045.98,686.365,156.991,989.593,703.375,181.619,917.43,526.886,286.058,922.727,511.284,143.293,923.863,392.699,151.597,882.773,409.19,142.765,901.924,346.036,148.551,865.478,360.638,155.985,791.947,151.222,240.408,785.817,163.602,117.13,648.433,140.412,229.215,621.758,155.518,174.111,614.272,189.763,211.494,839.967,85.4222,513.986,1159.85,722.406,503.765,1109.38,718.021,508.46,1173.7,682.172,502.628,1124.81,677.214,479.706,1164.77,496.71,380.704,1170.61,489.924,514.232,1267.52,406,503.391,1220.03,389.886,514.228,1287.2,351.573,505.028,1239.77,338.969,489.459,1351.12,130.049,405.671,1329.4,136.654,533.645,1255.59,43.7221,416.952,1233.42,55.9089,475.948,1183.85,66.4836,440.936,1435.97,100.344,180.993,1114.24,1422.37,510.517,1074.9,1430.39
489,0,233.598,1025.12,968.688,459.006,1045.55,962.446,269.803,1223.3,973.805,366.606,1221.88,976.466,146.804,1064.55,726.322,153.182,1007.78,745.676,149.644,1038.85,685.161,156.207,982.439,702.081,180.653,910.705,525.788,285,916.363,509.844,142.386,915.767,391.268,150.652,874.98,408.295,141.973,893.262,344.866,147.697,857.035,359.911,155.794,780.641,151.267,240.106,774.81,164.17,117.194,636.788,142.274,229.316,610.625,158.617,173.968,603.552,192.576,211.519,827.735,84.9102,513.387,1154.69,721.765,503.111,1104.24,717.145,507.905,1168.74,681.593,501.993,1119.85,676.4,479.278,1160.85,496.019,380.24,1166.64,489.156,513.908,1264.3,406.126,503.005,1216.97,389.59,513.951,1284.45,351.862,504.697,1237.19,338.856,489.477,1350.43,130.884,405.669,1328.6,137.23,533.639,1255.57,43.6784,417.051,1233.31,55.9312,476.045,1183.75,66.2331,441.034,1435.4,101.605,179.575,1107.34,1420.93,509.267,1068.56,1429.11
490,0,232.822,1018.05,967.242,458.295,1039.3,961.297,268.636,1216.31,972.635,365.283,1215.26,975.306,145.858,1057.24,725.191,152.372,1000.42,744.545,148.704,1031.53,684.065,155.396,975.12,700.93,179.692,903.856,524.706,283.95,909.805,508.515,141.543,907.806,389.853,149.745,867.272,407.329,141.25,884.821,343.678,146.885,848.782,359.1,155.658,769.933,151.141,239.852,764.354,164.565,117.273,625.801,143.712,229.422,600.104,161.258,173.82,593.404,194.901,211.624,816.2,84.3377,512.767,1149.48,721.117,502.443,1099.06,716.267,507.331,1163.73,681.006,501.351,1114.85,675.583,478.833,1156.85,495.326,379.762,1162.57,488.378,513.579,1261,406.268,502.608,1213.84,389.303,513.675,1281.63,352.176,504.358,1234.52,338.76,489.514,1349.7,131.773,405.686,1327.75,137.856,533.63,1255.54,43.632,417.154,1233.19,55.9572,476.143,1183.65,65.9777,441.137,1434.79,102.963,178.106,1100.42,1419.5,507.97,1062.19,1427.85
491,0,232.033,1010.94,965.814,457.558,1033.01,960.142,267.448,1209.27,971.479,363.94,1208.59,974.16,144.888,1049.76,724.15,151.552,992.924,743.532,147.742,1024.02,683.071,154.565,967.638,699.915,178.753,896.885,523.639,282.929,903.056,507.296,140.769,899.977,388.457,148.891,859.638,406.293,140.596,876.596,342.471,146.124,840.709,358.202,155.555,759.826,150.834,239.634,754.458,164.75,117.351,615.467,144.723,229.523,590.188,163.391,173.672,583.817,196.712,211.764,805.373,83.6781,512.125,1144.23,720.463,501.759,1093.83,715.389,506.736,1158.67,680.415,500.699,1109.8,674.766,478.369,1152.76,494.634,379.267,1158.4,487.591,513.243,1257.61,406.429,502.201,1210.62,389.025,513.397,1278.72,352.518,504.011,1231.78,338.686,489.569,1348.93,132.722,405.721,1326.85,138.532,533.618,1255.51,43.5828,417.261,1233.08,55.987,476.242,1183.55,65.7191,441.247,1434.14,104.421,176.586,1093.47,1418.07,506.625,1055.79,1426.61
492,0,231.229,1003.77,964.409,456.79,1026.67,958.984,266.236,1202.19,970.339,362.572,1201.88,973.03,143.895,1042.13,723.19,150.726,985.295,742.625,146.765,1016.34,682.167,153.722,959.998,699.026,177.854,889.801,522.584,281.953,896.125,506.184,140.07,892.273,387.081,148.099,852.07,405.191,140.011,868.578,341.245,145.419,832.808,357.217,155.467,750.319,150.342,239.442,745.124,164.693,117.416,605.782,145.314,229.611,580.867,164.973,173.534,574.778,197.994,211.904,795.262,82.9102,511.459,1138.93,719.809,501.057,1088.56,714.515,506.117,1153.55,679.823,500.035,1104.69,673.952,477.887,1148.58,493.946,378.758,1154.13,486.796,512.897,1254.13,406.612,501.782,1207.31,388.76,513.116,1275.73,352.895,503.655,1228.97,338.635,489.64,1348.12,133.736,405.772,1325.9,139.26,533.603,1255.47,43.5311,417.371,1232.97,56.0205,476.34,1183.45,65.459,441.363,1433.44,105.982,175.016,1086.49,1416.65,505.228,1049.36,1425.39
493,0,230.411,996.554,963.031,455.988,1020.26,957.829,264.993,1195.06,969.217,361.173,1195.12,971.917,142.886,1034.35,722.302,149.898,977.538,741.815,145.782,1008.49,681.342,152.873,952.21,698.249,177.009,882.609,521.541,281.037,889.025,505.172,139.443,884.685,385.729,147.378,844.557,404.027,139.49,860.759,340,144.779,825.067,356.147,155.38,741.406,149.661,239.271,736.348,164.37,117.455,596.741,145.491,229.68,572.125,165.969,173.409,566.274,198.734,212.013,785.868,82.0187,510.768,1133.58,719.157,500.338,1083.23,713.649,505.471,1148.38,679.232,499.358,1099.53,673.144,477.388,1144.31,493.263,378.233,1149.75,485.995,512.541,1250.57,406.821,501.353,1203.92,388.512,512.829,1272.65,353.31,503.291,1226.08,338.613,489.726,1347.25,134.82,405.837,1324.89,140.043,533.586,1255.42,43.4772,417.484,1232.85,56.0575,476.436,1183.36,65.1994,441.486,1432.69,107.65,173.393,1079.49,1415.25,503.777,1042.88,1424.19
494,0,229.578,989.274,961.681,455.151,1013.8,956.683,263.714,1187.87,968.113,359.739,1188.3,970.824,141.866,1026.42,721.473,149.07,969.661,741.085,144.803,1000.49,680.579,152.025,944.283,697.564,176.229,875.319,520.507,280.191,881.773,504.251,138.887,877.2,384.403,146.738,837.091,402.804,139.029,853.124,338.737,144.208,817.475,354.993,155.283,733.079,148.794,239.114,728.124,163.763,117.456,588.336,145.264,229.72,563.944,166.352,173.301,558.288,198.928,212.07,777.184,80.9954,510.049,1128.17,718.512,499.599,1077.85,712.794,504.797,1143.15,678.647,498.665,1094.31,672.347,476.871,1139.95,492.591,377.694,1145.26,485.191,512.172,1246.91,407.062,500.914,1200.45,388.285,512.534,1269.49,353.767,502.919,1223.11,338.623,489.826,1346.33,135.979,405.916,1323.82,140.881,533.568,1255.37,43.4217,417.602,1232.75,56.0976,476.53,1183.27,64.9429,441.616,1431.88,109.428,171.718,1072.46,1413.86,502.27,1036.37,1423.02
495,0,228.729,981.928,960.364,454.279,1007.26,955.55,262.394,1180.62,967.03,358.263,1181.42,969.75,140.843,1018.37,720.689,148.245,961.674,740.42,143.837,992.358,679.862,151.183,936.234,696.951,175.524,867.939,519.479,279.426,874.39,503.41,138.393,869.804,383.105,146.183,829.664,401.527,138.622,845.66,337.46,143.712,810.021,353.758,155.171,725.324,147.743,238.972,720.438,162.866,117.413,580.557,144.642,229.724,556.304,166.112,173.208,550.805,198.577,212.065,769.199,79.8396,509.303,1122.71,717.878,498.839,1072.4,711.954,504.092,1137.86,678.071,497.954,1089.03,671.564,476.337,1135.49,491.93,377.138,1140.66,484.387,511.791,1243.17,407.338,500.466,1196.88,388.084,512.229,1266.25,354.27,502.539,1220.06,338.668,489.939,1345.35,137.218,406.009,1322.68,141.776,533.551,1255.32,43.3657,417.723,1232.64,56.1399,476.619,1183.18,64.692,441.752,1431.02,111.318,169.991,1065.41,1412.5,500.704,1029.82,1421.89
496,0,227.864,974.508,959.082,453.374,1000.66,954.435,261.027,1173.3,965.966,356.741,1174.48,968.696,139.827,1010.21,719.934,147.423,953.591,739.8,142.897,984.117,679.174,150.353,928.081,696.389,174.899,860.48,518.455,278.745,866.9,502.634,137.954,862.482,381.836,145.717,822.27,400.199,138.261,838.352,336.168,143.295,802.693,352.444,155.043,718.125,146.512,238.843,713.272,161.679,117.318,573.392,143.633,229.684,549.183,165.247,173.124,543.804,197.689,211.996,761.892,78.5576,508.527,1117.19,717.259,498.059,1066.9,711.132,503.355,1132.5,677.51,497.225,1083.67,670.8,475.787,1130.92,491.285,376.568,1135.94,483.587,511.396,1239.34,407.653,500.01,1193.23,387.912,511.912,1262.92,354.822,502.153,1216.92,338.754,490.064,1344.31,138.541,406.116,1321.48,142.729,533.538,1255.26,43.311,417.848,1232.55,56.1833,476.704,1183.09,64.45,441.894,1430.1,113.322,168.21,1058.33,1411.16,499.076,1023.22,1420.79
497,0,226.983,967.008,957.836,452.436,993.993,953.342,259.609,1165.91,964.923,355.168,1167.46,967.663,138.824,1001.96,719.194,146.604,945.425,739.205,141.99,975.791,678.498,149.539,919.843,695.854,174.355,852.954,517.431,278.154,859.329,501.909,137.563,855.223,380.596,145.342,814.905,398.823,137.939,831.184,334.864,142.96,795.481,351.054,154.899,711.46,145.108,238.728,706.604,160.212,117.169,566.82,142.244,229.592,542.559,163.773,173.04,537.266,196.278,211.869,755.239,77.1631,507.721,1111.59,716.659,497.256,1061.31,710.332,502.584,1127.07,676.966,496.476,1078.24,670.056,475.223,1126.26,490.658,375.984,1131.11,482.796,510.99,1235.41,408.012,499.55,1189.49,387.774,511.583,1259.5,355.425,501.763,1213.71,338.882,490.202,1343.2,139.951,406.237,1320.2,143.739,533.532,1255.2,43.2597,417.977,1232.46,56.2264,476.782,1183.02,64.2202,442.041,1429.11,115.445,166.375,1051.22,1409.84,497.386,1016.59,1419.74
498,0,226.086,959.422,956.628,451.47,987.259,952.276,258.136,1158.44,963.901,353.539,1160.37,966.651,137.842,993.638,718.453,145.789,937.195,738.617,141.124,967.403,677.816,148.742,911.543,695.322,173.893,845.371,516.403,277.651,851.705,501.217,137.213,848.016,379.386,145.058,807.568,397.4,137.649,824.145,333.547,142.707,788.377,349.591,154.744,705.301,143.539,238.625,700.408,158.482,116.967,560.82,140.483,229.441,536.409,161.714,172.944,531.169,194.365,211.692,749.207,75.6771,506.884,1105.93,716.082,496.429,1055.66,709.557,501.779,1121.56,676.443,495.704,1072.73,669.336,474.647,1121.48,490.051,375.385,1126.16,482.014,510.573,1231.4,408.417,499.088,1185.65,387.674,511.242,1255.99,356.081,501.369,1210.4,339.056,490.352,1342.02,141.451,406.374,1318.84,144.808,533.537,1255.13,43.2144,418.112,1232.38,56.2672,476.854,1182.95,64.0062,442.194,1428.05,117.687,164.486,1044.08,1408.55,495.631,1009.92,1418.73
499,0,225.175,951.742,955.461,450.476,980.458,951.24,256.603,1150.89,962.901,351.85,1153.19,965.66,136.887,985.267,717.699,144.975,928.915,738.017,140.306,958.981,677.115,147.964,903.203,694.772,173.509,837.742,515.369,277.234,844.057,500.544,136.897,840.855,378.201,144.862,800.26,395.931,137.388,817.225,332.218,142.536,781.375,348.058,154.583,699.617,141.817,238.537,694.653,156.516,116.713,555.362,138.36,229.23,530.709,159.106,172.826,525.489,191.975,211.48,743.76,74.1269,506.016,1100.18,715.53,495.577,1049.91,708.808,500.939,1115.97,675.944,494.911,1067.12,668.643,474.06,1116.6,489.463,374.774,1121.09,481.246,510.145,1227.29,408.872,498.625,1181.72,387.614,510.89,1252.39,356.794,500.975,1207.01,339.277,490.517,1340.76,143.044,406.529,1317.4,145.934,533.557,1255.07,43.1775,418.253,1232.31,56.3037,476.918,1182.89,63.812,442.35,1426.92,120.052,162.541,1036.91,1407.29,493.81,1003.21,1417.78
500,0,224.249,943.966,954.336,449.457,973.59,950.237,255.008,1143.26,961.922,350.1,1145.92,964.691,135.963,976.869,716.92,144.16,920.605,737.387,139.538,950.549,676.38,147.204,894.846,694.184,173.197,830.081,514.325,276.896,836.413,499.872,136.614,833.737,377.037,144.748,792.984,394.418,137.15,810.416,330.874,142.443,774.471,346.458,154.425,694.372,139.954,238.462,689.307,154.342,116.416,550.411,135.887,228.958,525.435,155.993,172.675,520.199,189.14,211.245,738.857,72.5449,505.116,1094.34,715.006,494.699,1044.08,708.088,500.064,1110.28,675.469,494.094,1061.43,667.977,473.464,1111.59,488.896,374.151,1115.9,480.492,509.71,1223.07,409.379,498.166,1177.69,387.597,510.529,1248.69,357.565,500.583,1203.52,339.547,490.697,1339.43,144.732,406.702,1315.87,147.12,533.594,1255.01,43.1493,418.4,1232.26,56.3334,476.974,1182.84,63.6413,442.511,1425.7,122.542,160.541,1029.71,1406.06,491.922,996.462,1416.87
501,0,223.311,936.09,953.253,448.416,966.653,949.271,253.35,1135.53,960.966,348.286,1138.57,963.745,135.075,968.466,716.107,143.34,912.281,736.712,138.823,942.133,675.602,146.46,886.495,693.538,172.947,822.4,513.268,276.628,828.8,499.187,136.361,826.662,375.887,144.71,785.747,392.86,136.934,803.714,329.516,142.424,767.666,344.797,154.275,689.524,137.969,238.4,684.333,151.997,116.085,545.928,133.079,228.628,520.56,152.426,172.484,515.269,185.894,211.002,734.451,70.967,504.184,1088.41,714.508,493.794,1038.15,707.396,499.154,1104.5,675.02,493.253,1055.62,667.338,472.861,1106.46,488.347,373.517,1110.58,479.75,509.268,1218.75,409.938,497.712,1173.56,387.623,510.161,1244.89,358.396,500.196,1199.93,339.867,490.895,1338,146.515,406.895,1314.25,148.364,533.647,1254.95,43.1287,418.555,1232.21,56.354,477.022,1182.81,63.4977,442.675,1424.39,125.159,158.484,1022.47,1404.86,489.967,989.683,1416.03
502,0,222.362,928.113,952.215,447.353,959.647,948.342,251.628,1127.72,960.035,346.409,1131.13,962.825,134.223,960.079,715.254,142.512,903.96,735.982,138.159,933.755,674.773,145.728,878.171,692.822,172.75,814.712,512.199,276.419,821.243,498.478,136.135,819.637,374.744,144.736,778.559,391.262,136.738,797.117,328.143,142.471,760.96,343.079,154.14,685.028,135.884,238.348,679.689,149.52,115.73,541.868,129.955,228.25,516.058,148.456,172.25,510.665,182.275,210.761,730.491,69.4328,503.218,1082.38,714.038,492.861,1032.1,706.732,498.209,1098.61,674.596,492.387,1049.71,666.726,472.255,1101.19,487.815,372.874,1105.13,479.021,508.82,1214.31,410.551,497.266,1169.31,387.693,509.788,1240.97,359.288,499.818,1196.24,340.239,491.113,1336.47,148.395,407.109,1312.52,149.67,533.714,1254.9,43.1137,418.718,1232.18,56.3632,477.062,1182.78,63.3843,442.842,1422.98,127.908,156.369,1015.2,1403.69,487.944,982.874,1415.23
503,0,221.404,920.037,951.224,446.27,952.572,947.454,249.844,1119.81,959.132,344.47,1123.6,961.931,133.406,951.726,714.361,141.672,895.656,735.187,137.544,925.438,673.891,145.004,869.894,692.024,172.592,807.029,511.116,276.255,813.763,497.737,135.934,812.67,373.601,144.814,771.429,389.629,136.561,790.627,326.756,142.573,754.354,341.312,154.023,680.836,133.726,238.306,675.333,146.951,115.368,538.184,126.538,227.835,511.897,144.138,171.975,506.348,178.321,210.531,726.927,67.9835,502.22,1076.23,713.594,491.897,1025.95,706.095,497.231,1092.6,674.194,491.498,1043.67,666.14,471.648,1095.77,487.296,372.224,1099.53,478.298,508.369,1209.75,411.217,496.832,1164.94,387.807,509.41,1236.94,360.24,499.453,1192.43,340.663,491.352,1334.84,150.372,407.346,1310.69,151.037,533.794,1254.85,43.1036,418.89,1232.16,56.3593,477.093,1182.78,63.3039,443.01,1421.45,130.792,154.197,1007.89,1402.55,485.854,976.04,1414.5
504,0,220.438,911.864,950.28,445.167,945.426,946.608,248.002,1111.82,958.259,342.472,1115.98,961.068,132.62,943.423,713.429,140.814,887.383,734.323,136.971,917.197,672.957,144.283,861.68,691.139,172.458,799.363,510.025,276.12,806.376,496.959,135.752,805.772,372.455,144.93,764.369,387.968,136.404,784.241,325.357,142.719,747.851,339.508,153.927,676.897,131.524,238.27,671.22,144.332,115.011,534.825,122.856,227.398,508.048,139.525,171.665,502.278,174.071,210.317,723.705,66.6601,501.188,1069.96,713.172,490.903,1019.66,705.484,496.218,1086.46,673.811,490.583,1037.5,665.577,471.042,1090.19,486.785,371.567,1093.77,477.578,507.914,1205.05,411.932,496.411,1160.44,387.963,509.03,1232.77,361.252,499.104,1188.49,341.141,491.613,1333.09,152.446,407.608,1308.73,152.468,533.882,1254.79,43.0993,419.07,1232.15,56.3412,477.117,1182.78,63.2582,443.178,1419.8,133.818,151.967,1000.54,1401.45,483.7,969.184,1413.84
505,0,219.464,903.602,949.386,444.045,938.213,945.807,246.106,1103.75,957.42,340.421,1108.27,960.239,131.859,935.181,712.466,139.936,879.152,733.392,136.433,909.045,671.978,143.559,853.543,690.166,172.333,791.726,508.93,275.997,799.093,496.148,135.586,798.954,371.304,145.069,757.388,386.291,136.266,777.961,323.953,142.895,741.451,337.681,153.852,673.161,129.312,238.237,667.303,141.706,114.676,531.74,118.938,226.955,504.476,134.667,171.328,498.411,169.564,210.122,720.772,65.4995,500.121,1063.57,712.769,489.878,1013.25,704.896,495.172,1080.19,673.443,489.646,1031.19,665.036,470.442,1084.43,486.276,370.906,1087.84,476.853,507.454,1200.19,412.694,496.008,1155.79,388.157,508.649,1228.46,362.324,498.775,1184.4,341.67,491.897,1331.21,154.619,407.896,1306.64,153.962,533.977,1254.74,43.1041,419.258,1232.14,56.3089,477.133,1182.81,63.2483,443.343,1418,136.992,149.678,993.14,1400.38,481.481,962.312,1413.23
506,0,218.482,895.26,948.545,442.904,930.932,945.053,244.164,1095.6,956.622,338.324,1100.5,959.45,131.117,927.009,711.482,139.032,870.97,732.4,135.919,900.992,670.965,142.826,845.492,689.111,172.201,784.126,507.841,275.869,791.921,495.309,135.43,792.226,370.154,145.212,750.496,384.613,136.146,771.783,322.552,143.086,735.154,335.846,153.798,669.576,127.125,238.205,663.54,139.112,114.377,528.88,114.82,226.525,501.15,129.615,170.98,494.702,164.838,209.947,718.078,64.531,499.02,1057.04,712.38,488.821,1006.7,704.33,494.095,1073.77,673.084,488.684,1024.74,664.512,469.851,1078.47,485.764,370.244,1081.71,476.115,506.991,1195.16,413.498,495.623,1150.98,388.388,508.267,1223.98,363.451,498.469,1180.16,342.25,492.202,1329.19,156.891,408.21,1304.41,155.52,534.077,1254.68,43.1238,419.454,1232.13,56.2636,477.143,1182.85,63.2743,443.5,1416.03,140.325,147.332,985.7,1399.35,479.203,955.43,1412.7
507,0,217.491,886.85,947.759,441.742,923.587,944.346,242.186,1087.39,955.868,336.19,1092.65,958.707,130.384,918.912,710.494,138.1,862.844,731.358,135.418,893.04,669.933,142.078,837.534,687.984,172.048,776.571,506.771,275.72,784.861,494.455,135.277,785.592,369.013,145.344,743.695,382.951,136.038,765.702,321.169,143.275,728.955,334.026,153.762,666.098,124.992,238.17,659.89,136.587,114.128,526.199,110.541,226.126,498.039,124.418,170.634,491.11,159.932,209.79,715.576,63.7742,497.884,1050.37,712,487.732,1000.01,703.782,492.987,1067.2,672.727,487.701,1018.13,664.003,469.271,1072.29,485.242,369.584,1075.37,475.355,506.523,1189.93,414.34,495.259,1145.99,388.65,507.884,1219.32,364.634,498.187,1175.74,342.878,492.528,1327,159.264,408.551,1302.01,157.143,534.18,1254.62,43.1664,419.654,1232.12,56.2084,477.147,1182.89,63.335,443.644,1413.87,143.827,144.931,978.214,1398.36,476.867,948.54,1412.23
508,0,216.488,878.388,947.031,440.557,916.183,943.689,240.184,1079.12,955.166,334.032,1084.75,958.014,129.65,910.892,709.52,137.136,854.775,730.283,134.915,885.189,668.902,141.31,829.671,686.803,171.859,769.066,505.736,275.534,777.907,493.603,135.116,779.054,367.893,145.448,736.988,381.326,135.936,759.711,319.82,143.446,722.848,332.244,153.739,662.687,122.945,238.13,656.322,134.164,113.941,523.657,106.143,225.775,495.117,119.123,170.307,487.6,154.884,209.65,713.226,63.2394,496.716,1043.55,711.623,486.612,993.159,703.252,491.851,1060.47,672.366,486.697,1011.34,663.506,468.708,1065.88,484.704,368.929,1068.79,474.563,506.05,1184.48,415.215,494.918,1140.79,388.94,507.5,1214.46,365.867,497.932,1171.12,343.55,492.869,1324.62,161.738,408.915,1299.42,158.834,534.284,1254.55,43.2433,419.855,1232.1,56.1482,477.147,1182.95,63.4286,443.77,1411.48,147.509,142.475,970.68,1397.41,474.478,941.649,1411.84
509,0,215.471,869.892,946.367,439.349,908.724,943.083,238.169,1070.81,954.522,331.863,1076.81,957.38,128.905,902.948,708.583,136.14,846.765,729.198,134.397,877.436,667.896,140.514,821.9,685.592,171.624,761.613,504.755,275.301,771.051,492.777,134.939,772.61,366.812,145.507,730.372,379.762,135.831,753.799,318.527,143.583,716.823,330.527,153.725,659.315,121.007,238.08,652.813,131.87,113.824,521.224,101.67,225.487,492.362,113.778,170.015,484.144,149.734,209.522,710.997,62.9291,495.517,1036.57,711.244,485.462,986.155,702.736,490.691,1053.57,671.993,485.674,1004.39,663.017,468.164,1059.19,484.142,368.284,1061.94,473.729,505.569,1178.8,416.118,494.602,1135.37,389.253,507.112,1209.37,367.15,497.702,1166.29,344.264,493.22,1322.04,164.316,409.299,1296.64,160.593,534.386,1254.47,43.3685,420.051,1232.05,56.0899,477.143,1183.01,63.552,443.87,1408.84,151.386,139.968,963.097,1396.5,472.042,934.761,1411.53
510,0,214.433,861.382,945.77,438.112,901.216,942.53,236.159,1062.47,953.943,329.697,1068.85,956.811,128.137,895.077,707.706,135.109,838.812,728.13,133.851,869.773,666.94,139.685,814.215,684.383,171.334,754.211,503.848,275.01,764.279,492.002,134.733,766.251,365.792,145.509,723.842,378.283,135.712,747.953,317.313,143.673,710.87,328.902,153.713,655.967,119.199,238.018,649.355,129.727,113.781,518.876,97.168,225.273,489.759,108.43,169.771,480.728,144.519,209.399,708.871,62.8376,494.288,1029.44,710.855,484.282,978.99,702.235,489.511,1046.5,671.6,484.633,997.25,662.534,467.644,1052.22,483.551,367.653,1054.79,472.842,505.082,1172.85,417.044,494.312,1129.7,389.584,506.719,1204.04,368.478,497.499,1161.21,345.014,493.574,1319.22,166.997,409.698,1293.62,162.422,534.483,1254.37,43.5599,420.236,1231.97,56.0433,477.137,1183.06,63.7013,443.937,1405.91,155.469,137.414,955.466,1395.65,469.565,927.878,1411.3
511,0,213.37,852.88,945.246,436.844,893.668,942.031,234.168,1054.13,953.434,327.551,1060.88,956.312,127.334,887.273,706.918,134.04,830.913,727.112,133.262,862.189,666.063,138.817,806.607,683.21,170.988,746.855,503.036,274.659,757.575,491.306,134.485,759.966,364.855,145.444,717.391,376.913,135.565,742.162,316.202,143.704,704.977,327.395,153.696,652.64,117.531,237.939,645.951,127.751,113.813,516.601,92.6776,225.141,487.3,103.127,169.587,477.35,139.278,209.275,706.841,62.9515,493.032,1022.14,710.452,483.075,971.66,701.746,488.313,1039.23,671.18,483.576,989.921,662.053,467.153,1044.94,482.925,367.041,1047.31,471.893,504.586,1166.62,417.988,494.048,1123.76,389.926,506.318,1198.44,369.849,497.322,1155.87,345.797,493.922,1316.14,169.783,410.105,1290.36,164.324,534.573,1254.25,43.839,420.401,1231.85,56.0208,477.13,1183.09,63.8712,443.961,1402.65,159.773,134.816,947.788,1394.84,467.053,921.002,1411.16
512,0,212.273,844.409,944.801,435.541,886.086,941.588,232.213,1045.79,953.001,325.441,1052.92,955.889,126.485,879.527,706.243,132.932,823.061,726.178,132.619,854.668,665.295,137.906,799.063,682.113,170.586,739.539,502.338,274.247,750.924,490.716,134.185,753.743,364.026,145.308,711.01,375.673,135.377,736.413,315.219,143.669,699.137,326.027,153.668,649.347,116.011,237.84,642.617,125.953,113.916,514.395,88.2378,225.093,484.98,97.9133,169.468,474.017,134.048,209.142,704.906,63.2502,491.753,1014.67,710.027,481.844,964.162,701.269,487.104,1031.78,670.727,482.506,982.395,661.574,466.693,1037.33,482.26,366.453,1039.49,470.873,504.08,1160.07,418.946,493.812,1117.52,390.275,505.905,1192.54,371.259,497.168,1150.23,346.609,494.254,1312.77,172.675,410.513,1286.82,166.3,534.651,1254.1,44.2311,420.539,1231.66,56.0376,477.124,1183.09,64.0548,443.935,1399.01,164.311,132.182,940.064,1394.09,464.512,914.134,1411.11
513,0,211.135,835.992,944.442,434.197,878.479,941.201,230.31,1037.49,952.649,323.383,1044.98,955.547,125.582,871.828,705.71,131.786,815.25,725.364,131.914,847.194,664.663,136.949,791.564,681.135,170.136,732.253,501.771,273.778,744.31,490.257,133.823,747.567,363.329,145.102,704.69,374.579,135.136,730.7,314.382,143.569,693.342,324.815,153.62,646.11,114.638,237.715,639.374,124.338,114.081,512.26,83.8829,225.125,482.8,92.8321,169.412,470.749,128.864,208.992,703.075,63.7071,490.454,1007.04,709.576,480.591,956.496,700.804,485.887,1024.13,670.233,481.426,974.669,661.093,466.268,1029.36,481.554,365.894,1031.28,469.774,503.563,1153.18,419.913,493.603,1110.96,390.626,505.477,1186.33,372.704,497.037,1144.29,347.446,494.558,1309.08,175.672,410.912,1282.97,168.354,534.715,1253.9,44.7649,420.645,1231.4,56.1123,477.122,1183.04,64.2437,443.85,1394.96,169.093,129.518,932.297,1393.4,461.949,907.276,1411.15
514,0,209.946,827.651,944.177,432.807,870.858,940.871,228.474,1029.23,952.382,321.392,1037.09,955.29,124.616,864.161,705.34,130.603,807.47,724.704,131.139,839.744,664.195,135.944,784.094,680.317,169.647,724.99,501.344,273.263,737.72,489.95,133.393,741.426,362.782,144.832,698.424,373.642,134.831,725.016,313.708,143.405,687.591,323.77,153.548,642.96,113.408,237.564,636.25,122.906,114.296,510.203,79.6443,225.225,480.761,87.9228,169.413,467.569,123.762,208.823,701.356,64.2921,489.139,999.241,709.095,479.32,948.661,700.352,484.669,1016.28,669.694,480.336,966.739,660.609,465.881,1021.03,480.805,365.369,1022.67,468.592,503.034,1145.94,420.885,493.42,1104.06,390.973,505.031,1179.78,374.18,496.924,1138.01,348.303,494.823,1305.04,178.772,411.292,1278.8,170.487,534.759,1253.63,45.472,420.711,1231.03,56.2663,477.125,1182.92,64.4279,443.697,1390.45,174.129,126.831,924.492,1392.79,459.37,900.423,1411.28
515,0,208.698,819.407,944.012,431.367,863.229,940.598,226.719,1021.02,952.2,319.481,1029.26,955.118,123.583,856.512,705.151,129.385,799.711,724.229,130.29,832.296,663.913,134.895,776.631,679.698,169.131,717.743,501.063,272.714,731.145,489.809,132.895,735.311,362.4,144.509,692.206,372.867,134.456,719.363,313.205,143.186,681.887,322.895,153.448,639.929,112.316,237.387,633.269,121.652,114.544,508.234,75.5511,225.38,478.865,83.2207,169.46,464.505,118.776,208.634,699.759,64.9736,487.81,991.272,708.578,478.033,940.657,699.911,483.452,1008.22,669.103,479.239,958.603,660.121,465.533,1012.32,480.015,364.882,1013.64,467.322,502.49,1138.32,421.856,493.261,1096.79,391.311,504.561,1172.86,375.682,496.827,1131.37,349.176,495.036,1300.6,181.973,411.643,1274.27,172.702,534.78,1253.27,46.3859,420.734,1230.54,56.524,477.134,1182.7,64.5958,443.47,1385.44,179.428,124.131,916.652,1392.24,456.78,893.575,1411.51
516,0,207.382,811.278,943.957,429.871,855.604,940.383,225.054,1012.89,952.104,317.661,1021.5,955.033,122.482,848.865,705.156,128.14,791.966,723.963,129.369,824.829,663.833,133.809,769.156,679.31,168.603,710.509,500.926,272.142,724.583,489.841,132.331,729.215,362.188,144.146,686.036,372.252,134.01,713.742,312.876,142.923,676.234,322.187,153.322,637.044,111.355,237.187,630.452,120.57,114.811,506.364,71.6302,225.571,477.113,78.7559,169.537,461.583,113.938,208.428,698.291,65.7211,486.472,983.138,708.023,476.733,932.489,699.483,482.241,999.958,668.458,478.136,950.261,659.629,465.223,1003.22,479.186,364.436,1004.18,465.964,501.93,1130.3,422.823,493.122,1089.15,391.638,504.063,1165.57,377.205,496.739,1124.35,350.062,495.185,1295.76,185.273,411.952,1269.37,175.002,534.771,1252.8,47.5412,420.711,1229.89,56.9124,477.15,1182.36,64.7353,443.163,1379.89,184.993,121.424,908.782,1391.78,454.186,886.726,1411.84
517,0,205.991,803.278,944.016,428.317,847.991,940.225,223.487,1004.86,952.092,315.938,1013.83,955.031,121.315,841.206,705.36,126.877,784.226,723.924,128.378,817.323,663.965,132.698,761.654,679.178,168.076,703.288,500.924,271.565,718.035,490.043,131.71,723.137,362.146,143.759,679.915,371.79,133.496,708.16,312.717,142.628,670.64,321.636,153.174,634.329,110.518,236.971,627.81,119.649,115.081,504.606,67.9068,225.78,475.505,74.5522,169.629,458.824,109.28,208.21,696.957,66.5072,485.127,974.841,707.427,475.422,924.159,699.069,481.039,991.492,667.756,477.026,941.715,659.132,464.949,993.728,478.325,364.032,994.271,464.523,501.351,1121.88,423.78,492.999,1081.11,391.949,503.532,1157.88,378.743,496.654,1116.94,350.958,495.257,1290.48,188.669,412.21,1264.06,177.391,534.727,1252.18,48.9723,420.64,1229.06,57.4606,477.173,1181.87,64.834,442.771,1373.76,190.825,118.722,900.888,1391.39,451.592,879.872,1412.27
518,0,204.519,795.419,944.196,426.701,840.399,940.124,222.02,996.916,952.161,314.316,1006.27,955.11,120.085,833.525,705.758,125.61,776.487,724.119,127.326,809.766,664.307,131.577,754.113,679.314,167.562,696.087,501.043,270.994,711.509,490.405,131.046,717.078,362.262,143.364,673.849,371.469,132.925,702.622,312.716,142.314,665.114,321.231,153.009,631.799,109.796,236.745,625.354,118.874,115.346,502.968,64.4026,225.993,474.04,70.6256,169.726,456.245,104.826,207.985,695.759,67.3079,483.777,966.386,706.789,474.101,915.673,698.669,479.847,982.824,666.995,475.91,932.968,658.634,464.706,983.857,477.439,363.667,983.917,463.007,500.749,1113.03,424.725,492.886,1072.67,392.243,502.962,1149.77,380.292,496.565,1109.12,351.86,495.242,1284.73,192.158,412.405,1258.34,179.87,534.642,1251.38,50.712,420.521,1228.01,58.1984,477.203,1181.18,64.881,442.291,1367.01,196.921,116.033,892.977,1391.1,449.002,873.007,1412.79
519,0,202.965,787.709,944.499,425.023,832.835,940.082,220.651,989.084,952.305,312.791,998.808,955.265,118.8,825.815,706.341,124.352,768.75,724.542,126.221,802.154,664.849,130.465,746.526,679.717,167.074,688.919,501.264,270.442,705.017,490.907,130.354,711.045,362.522,142.977,667.845,371.272,132.311,697.138,312.856,141.997,659.666,320.954,152.836,629.462,109.182,236.521,623.083,118.232,115.6,501.457,61.1359,226.204,472.713,66.9832,169.824,453.856,100.598,207.759,694.695,68.1029,482.423,957.781,706.109,472.771,907.037,698.285,478.665,973.958,666.178,474.788,924.028,658.135,464.488,973.61,476.539,363.339,973.122,461.428,500.121,1103.77,425.654,492.774,1063.82,392.52,502.348,1141.24,381.848,496.462,1100.88,352.768,495.131,1278.52,195.737,412.527,1252.17,182.447,534.512,1250.35,52.7902,420.354,1226.68,59.1553,477.236,1180.28,64.8679,441.719,1359.62,203.268,113.366,885.052,1390.89,446.419,866.125,1413.41
520,0,201.329,780.15,944.927,423.285,825.31,940.097,219.373,981.367,952.517,311.356,991.466,955.488,117.466,818.079,707.089,123.121,761.02,725.179,125.077,794.492,665.571,129.38,738.896,680.375,166.621,681.8,501.563,269.921,698.574,491.523,129.653,705.047,362.903,142.614,661.912,371.179,131.672,691.717,313.117,141.692,654.303,320.786,152.666,627.316,108.666,236.308,620.998,117.703,115.841,500.077,58.1208,226.41,471.518,63.6238,169.928,451.662,96.6101,207.539,693.759,68.876,481.066,949.034,705.39,471.434,898.262,697.92,477.492,964.904,665.307,473.657,914.902,657.641,464.285,962.999,475.639,363.039,961.897,459.804,499.463,1094.07,426.57,492.656,1054.55,392.783,501.683,1132.29,383.407,496.333,1092.22,353.682,494.917,1271.81,199.407,412.569,1245.57,185.125,534.33,1249.05,55.2316,420.143,1225.05,60.3579,477.271,1179.12,64.7905,441.054,1351.59,209.853,110.73,877.121,1390.77,443.849,859.221,1414.12
521,0,199.613,772.742,945.476,421.491,817.831,940.17,218.174,973.768,952.789,310,984.243,955.771,116.095,810.325,707.977,121.931,753.308,726.002,123.905,786.794,666.445,128.336,731.234,681.259,166.212,674.749,501.919,269.441,692.198,492.222,128.959,699.096,363.379,142.289,656.062,371.168,131.024,686.367,313.474,141.416,649.035,320.705,152.507,625.357,108.239,236.118,619.095,117.271,116.073,498.825,55.3677,226.614,470.449,60.5393,170.047,449.663,92.8711,207.33,692.944,69.6142,479.704,940.155,704.636,470.09,889.357,697.577,476.324,955.67,664.388,472.518,905.602,657.157,464.089,952.04,474.753,362.758,950.259,458.156,498.77,1083.96,427.472,492.521,1044.86,393.039,500.961,1122.9,384.971,496.169,1083.13,354.605,494.596,1264.63,203.167,412.522,1238.51,187.911,534.091,1247.44,58.0537,419.892,1223.05,61.8284,477.305,1177.67,64.6513,440.294,1342.9,216.65,108.135,869.187,1390.74,441.293,852.292,1414.91
522,0,197.826,765.478,946.141,419.649,810.411,940.301,217.037,966.287,953.113,308.705,977.141,956.106,114.7,802.567,708.974,120.794,745.628,726.974,122.72,779.087,667.437,127.348,723.562,682.327,165.854,667.79,502.306,269.009,685.912,492.97,128.289,693.208,363.924,142.014,650.305,371.216,130.385,681.1,313.902,141.181,643.871,320.688,152.371,623.574,107.891,235.962,617.366,116.916,116.302,497.698,52.8836,226.821,469.498,57.7174,170.192,447.851,89.3859,207.137,692.241,70.3078,478.338,931.156,703.854,468.741,880.335,697.263,475.156,946.271,663.431,471.37,896.139,656.691,463.888,940.752,473.898,362.483,938.23,456.513,498.038,1073.43,428.368,492.36,1034.77,393.295,500.177,1113.09,386.542,495.958,1073.63,355.541,494.165,1256.98,207.017,412.38,1231,190.811,533.792,1245.46,61.265,419.607,1220.64,63.5826,477.336,1175.9,64.4615,439.436,1333.56,223.628,105.587,861.257,1390.8,438.756,845.335,1415.78
523,0,195.979,758.35,946.913,417.77,803.062,940.493,215.941,958.925,953.48,307.452,970.158,956.483,113.293,794.827,710.045,119.718,737.999,728.053,121.536,771.402,668.508,126.423,715.908,683.526,165.553,660.944,502.704,268.631,679.737,493.732,127.658,687.397,364.511,141.802,644.656,371.299,129.773,675.927,314.376,141.002,638.82,320.711,152.268,621.957,107.615,235.849,615.807,116.621,116.532,496.689,50.6717,227.038,468.655,55.1442,170.374,446.221,86.1561,206.963,691.636,70.9506,476.964,922.052,703.055,467.387,871.208,696.984,473.984,936.72,662.447,470.212,886.531,656.254,463.671,929.156,473.091,362.201,925.84,454.903,497.263,1062.51,429.267,492.163,1024.28,393.565,499.326,1102.86,388.126,495.69,1063.72,356.5,493.623,1248.86,210.957,412.141,1223.04,193.831,533.426,1243.06,64.8631,419.293,1217.76,65.628,477.364,1173.78,64.2431,438.477,1323.61,230.748,103.094,853.332,1390.95,436.242,838.349,1416.72
524,0,194.086,751.345,947.78,415.867,795.795,940.747,214.865,951.675,953.882,306.216,963.29,956.895,111.89,787.131,711.155,118.705,730.44,729.19,120.367,763.776,669.616,125.565,708.31,684.799,165.314,654.232,503.091,268.311,673.697,494.478,127.081,681.682,365.113,141.661,639.127,371.394,129.202,670.859,314.871,140.889,633.893,320.754,152.206,620.494,107.402,235.788,614.408,116.37,116.77,495.792,48.7315,227.267,467.913,52.8057,170.602,444.76,83.1813,206.814,691.12,71.5395,475.582,912.855,702.252,466.03,861.992,696.751,472.8,927.035,661.451,469.043,876.793,655.855,463.427,917.273,472.353,361.895,913.119,453.36,496.44,1051.2,430.181,491.921,1013.41,393.864,498.406,1092.22,389.732,495.357,1053.42,357.491,492.973,1240.31,214.985,411.801,1214.63,196.972,532.99,1240.19,68.8338,418.955,1214.36,67.9633,477.39,1171.26,64.0291,437.411,1313.07,237.961,100.661,845.419,1391.19,433.754,831.335,1417.72
525,0,192.163,744.45,948.729,413.954,788.623,941.069,213.782,944.533,954.309,304.973,956.532,957.334,110.506,779.508,712.268,117.751,722.972,730.335,119.228,756.247,670.723,124.771,700.805,686.084,165.141,647.675,503.45,268.051,667.816,495.18,126.567,676.082,365.707,141.598,633.732,371.483,128.684,665.913,315.365,140.849,629.1,320.795,152.192,619.174,107.246,235.786,613.16,116.151,117.016,494.999,47.0586,227.512,467.263,50.6899,170.876,443.458,80.4594,206.691,690.681,72.0742,474.188,903.581,701.46,464.672,852.699,696.573,471.596,917.234,660.46,467.866,866.944,655.508,463.146,905.127,471.701,361.552,900.105,451.917,495.566,1039.55,431.126,491.628,1002.19,394.211,497.414,1081.2,391.374,494.952,1042.74,358.527,492.216,1231.35,219.097,411.359,1205.8,200.237,532.481,1236.8,73.1512,418.599,1210.38,70.5772,477.415,1168.31,63.8609,436.231,1301.99,245.212,98.2922,837.519,1391.51,431.296,824.299,1418.78
526,0,190.227,737.648,949.745,412.046,781.553,941.463,212.67,937.488,954.756,303.7,949.874,957.791,109.156,771.986,713.351,116.851,715.615,731.44,118.135,748.851,671.79,124.036,693.43,687.319,165.037,641.289,503.766,267.851,662.114,495.821,126.127,670.619,366.273,141.613,628.485,371.548,128.232,661.103,315.841,140.886,624.452,320.821,152.228,617.988,107.139,235.844,612.055,115.954,117.273,494.305,45.6439,227.769,466.697,48.7864,171.196,442.302,77.9871,206.599,690.308,72.5556,472.78,894.246,700.697,463.315,843.346,696.465,470.365,907.336,659.494,466.679,857.003,655.228,462.82,892.74,471.154,361.157,886.835,450.607,494.636,1027.56,432.118,491.277,990.633,394.624,496.349,1069.81,393.063,494.473,1031.72,359.625,491.356,1222,223.287,410.814,1196.55,203.62,531.897,1232.85,77.7776,418.226,1205.78,73.4488,477.439,1164.88,63.7844,434.932,1290.44,252.439,95.9908,829.636,1391.9,428.875,817.246,1419.88
527,0,188.298,730.924,950.812,410.158,774.594,941.937,211.504,930.532,955.218,302.372,943.306,958.263,107.854,764.59,714.375,115.997,708.385,732.461,117.101,741.618,672.785,123.355,686.219,688.45,165,635.088,504.029,267.71,656.607,496.391,125.767,665.315,366.798,141.707,623.402,371.578,127.853,656.446,316.283,140.999,619.962,320.818,152.316,616.927,107.076,235.963,611.084,115.771,117.537,493.704,44.4741,228.036,466.207,47.0867,171.554,441.28,75.7591,206.536,689.991,72.9856,471.355,884.863,699.983,461.961,833.945,696.439,469.101,897.359,658.574,465.485,846.988,655.03,462.441,880.137,470.733,360.698,873.348,449.462,493.647,1015.26,433.175,490.863,978.767,395.125,495.212,1058.09,394.815,493.919,1020.38,360.802,490.396,1212.29,227.543,410.165,1186.9,207.114,531.238,1228.28,82.6654,417.837,1200.52,76.5472,477.457,1160.94,63.8446,433.51,1278.47,259.578,93.7584,821.775,1392.36,426.496,810.188,1421.01
528,0,186.393,724.262,951.915,408.303,767.75,942.498,210.265,923.65,955.69,300.969,936.814,958.744,106.61,757.343,715.316,115.18,701.298,733.362,116.135,734.575,673.682,122.721,679.201,689.432,165.028,629.082,504.23,267.626,651.307,496.884,125.491,660.191,367.271,141.873,618.497,371.566,127.554,651.963,316.683,141.184,615.64,320.78,152.451,615.983,107.051,236.139,610.235,115.597,117.807,493.188,43.5313,228.309,465.787,45.5823,171.94,440.379,73.7679,206.503,689.722,73.3671,469.91,875.447,699.338,460.61,824.512,696.509,467.798,887.323,657.723,464.286,836.92,654.929,462.005,867.34,470.454,360.164,859.683,448.511,492.594,1002.69,434.314,490.382,966.621,395.735,494.003,1046.05,396.642,493.291,1008.73,362.075,489.338,1202.24,231.853,409.414,1176.86,210.705,530.505,1223.05,87.7581,417.431,1194.54,79.8341,477.465,1156.42,64.0831,431.963,1266.18,266.564,91.5952,813.94,1392.89,424.164,803.135,1422.17
529,0,184.529,717.647,953.041,406.494,761.027,943.153,208.934,916.828,956.17,299.475,930.385,959.232,105.435,750.261,716.16,114.396,694.364,734.113,115.242,727.738,674.466,122.129,672.395,690.227,165.113,623.28,504.367,267.593,646.223,497.305,125.301,655.273,367.685,142.102,613.785,371.508,127.339,647.672,317.035,141.432,611.498,320.702,152.63,615.147,107.056,236.365,609.5,115.431,118.078,492.752,42.7945,228.581,465.431,44.2646,172.345,439.585,72.0028,206.496,689.494,73.7035,468.442,866.012,698.782,459.267,815.06,696.69,466.451,877.243,656.962,463.085,826.815,654.941,461.507,854.372,470.335,359.548,845.878,447.778,491.473,989.875,435.55,489.831,954.223,396.471,492.723,1033.74,398.554,492.587,996.798,363.457,488.187,1191.88,236.197,408.56,1166.46,214.373,529.705,1217.13,92.9928,417.006,1187.84,83.2654,477.453,1151.27,64.5374,430.29,1253.62,273.333,89.5005,806.135,1393.49,421.885,796.102,1423.34
530,0,182.72,711.066,954.176,404.742,754.423,943.909,207.5,910.054,956.658,297.876,924.002,959.729,104.332,743.358,716.896,113.636,687.589,734.7,114.425,721.117,675.126,121.575,665.812,690.814,165.244,617.687,504.438,267.6,641.359,497.656,125.196,650.583,368.039,142.378,609.28,371.404,127.207,643.596,317.336,141.728,607.549,320.586,152.846,614.408,107.086,236.633,608.866,115.271,118.346,492.388,42.2397,228.847,465.132,43.1238,172.758,438.886,70.4507,206.513,689.303,73.9993,466.948,856.569,698.335,457.933,805.6,696.996,465.06,867.136,656.314,461.883,816.689,655.082,460.947,841.257,470.391,358.847,831.968,447.284,490.278,976.843,436.896,489.205,941.601,397.348,491.374,1021.17,400.56,491.808,984.618,364.959,486.944,1181.22,240.557,407.604,1155.72,218.096,528.844,1210.48,98.3027,416.558,1180.38,86.7956,477.414,1145.44,65.2428,428.495,1240.88,279.824,87.4724,798.366,1394.13,419.665,789.106,1424.52
531,0,180.978,704.509,955.311,403.055,747.938,944.77,205.957,903.314,957.158,296.168,917.655,960.235,103.306,736.641,717.523,112.898,680.976,735.115,113.679,714.714,675.662,121.058,659.456,691.183,165.409,612.307,504.447,267.634,636.715,497.947,125.17,646.144,368.334,142.685,604.996,371.258,127.153,639.753,317.588,142.055,603.803,320.434,153.088,613.759,107.138,236.931,608.323,115.118,118.606,492.088,41.8412,229.101,464.885,42.1493,173.167,438.268,69.097,206.55,689.141,74.2589,465.427,847.131,698.014,456.615,796.145,697.441,463.623,857.017,655.798,460.683,806.558,655.364,460.323,828.017,470.635,358.057,817.983,447.046,489.005,963.624,438.36,488.503,928.784,398.379,489.956,1008.38,402.662,490.953,972.214,366.587,485.613,1170.28,244.908,406.548,1144.65,221.847,527.931,1203.09,103.62,416.082,1172.17,90.3805,477.337,1138.87,66.2314,426.582,1228.02,285.986,85.5083,790.638,1394.83,417.509,782.16,1425.7
532,0,179.313,697.966,956.439,401.439,741.566,945.741,204.307,896.601,957.673,294.353,911.332,960.755,102.352,730.112,718.046,112.179,674.521,735.366,112.998,708.527,676.081,120.573,653.322,691.34,165.591,607.143,504.397,267.681,632.284,498.187,125.216,641.976,368.574,143,600.945,371.073,127.167,636.161,317.795,142.393,600.273,320.25,153.349,613.19,107.205,237.249,607.858,114.974,118.855,491.844,41.5728,229.339,464.685,41.3296,173.562,437.721,67.9258,206.603,689.005,74.487,463.878,837.705,697.834,455.314,786.704,698.036,462.143,846.897,655.432,459.488,796.435,655.801,459.637,814.674,471.08,357.181,803.953,447.076,487.649,950.25,439.948,487.721,915.798,399.569,488.471,995.392,404.86,490.022,959.61,368.343,484.195,1159.07,249.225,405.391,1133.28,225.599,526.975,1194.92,108.879,415.572,1163.2,93.9812,477.215,1131.51,67.5309,424.564,1215.11,291.775,83.6053,782.958,1395.58,415.421,775.283,1426.88
533,0,177.73,691.435,957.554,399.898,735.301,946.825,202.558,889.907,958.209,292.44,905.024,961.295,101.466,723.768,718.476,111.475,668.223,735.468,112.372,702.547,676.396,120.117,647.399,691.302,165.771,602.195,504.295,267.722,628.057,498.387,125.321,638.096,368.767,143.301,597.138,370.858,127.234,632.832,317.962,142.717,596.968,320.041,153.618,612.692,107.283,237.576,607.459,114.843,119.089,491.648,41.4087,229.556,464.525,40.6526,173.935,437.234,66.9206,206.668,688.89,74.6882,462.301,828.3,697.808,454.036,777.286,698.791,460.623,836.786,655.23,458.3,786.33,656.402,458.89,801.253,471.733,356.223,789.901,447.378,486.206,936.751,441.66,486.86,902.67,400.922,486.92,982.243,407.148,489.014,946.833,370.225,482.694,1147.63,253.481,404.134,1121.64,229.326,525.983,1185.98,114.022,415.021,1153.48,97.5651,477.04,1123.31,69.1603,422.455,1202.2,297.16,81.7599,775.333,1396.37,413.404,768.488,1428.05
534,0,176.228,684.913,958.652,398.431,729.132,948.02,200.725,883.23,958.771,290.446,898.727,961.859,100.637,717.602,718.83,110.782,662.073,735.445,111.785,696.761,676.627,119.682,641.67,691.1,165.93,597.465,504.15,267.742,624.019,498.555,125.468,634.513,368.919,143.564,593.58,370.619,127.337,629.776,318.095,143.003,593.894,319.813,153.885,612.258,107.369,237.899,607.116,114.727,119.305,491.492,41.3253,229.747,464.401,40.1051,174.277,436.799,66.0643,206.742,688.794,74.8668,460.699,818.921,697.944,452.781,767.898,699.712,459.067,826.693,655.202,457.121,776.253,657.173,458.087,787.773,472.602,355.187,775.847,447.955,484.675,923.155,443.495,485.916,889.425,402.434,485.304,968.959,409.519,487.928,933.907,372.225,481.112,1135.94,257.649,402.775,1109.74,233.005,524.963,1176.26,118.997,414.421,1143.04,101.105,476.804,1114.23,71.1235,420.272,1189.31,302.121,79.9686,767.767,1397.2,411.459,761.788,1429.22
535,0,174.807,678.404,959.735,397.035,723.046,949.323,198.829,876.57,959.367,288.39,892.437,962.455,99.852,711.605,719.129,110.098,656.066,735.328,111.225,691.153,676.797,119.258,636.117,690.772,166.048,592.951,503.967,267.723,620.153,498.7,125.637,631.233,369.039,143.766,590.277,370.365,127.455,626.993,318.201,143.229,591.054,319.574,154.141,611.879,107.46,238.209,606.818,114.629,119.499,491.369,41.3009,229.912,464.307,39.6731,174.581,436.409,65.3396,206.821,688.714,75.0266,459.078,809.573,698.247,451.552,758.545,700.8,457.482,816.625,655.354,455.955,766.211,658.118,457.23,774.258,473.688,354.081,761.809,448.805,483.054,909.492,445.443,484.89,876.086,404.1,483.625,955.569,411.96,486.767,920.856,374.334,479.452,1124.03,261.7,401.313,1097.6,236.615,523.921,1165.77,123.765,413.765,1131.89,104.578,476.498,1104.24,73.4031,418.033,1176.47,306.647,78.2281,760.268,1398.07,409.588,755.196,1430.38
536,0,173.461,671.909,960.802,395.704,717.03,950.73,196.894,869.928,960.004,286.3,886.152,963.089,99.0965,705.763,719.396,109.418,650.193,735.152,110.673,685.707,676.93,118.832,630.717,690.362,166.105,588.65,503.756,267.652,616.44,498.829,125.806,628.252,369.136,143.886,587.226,370.101,127.57,624.478,318.286,143.372,588.448,319.331,154.377,611.55,107.554,238.497,606.557,114.552,119.67,491.272,41.3171,230.047,464.239,39.3425,174.844,436.059,64.7293,206.9,688.648,75.171,457.444,800.259,698.717,450.351,749.23,702.053,455.876,806.584,655.686,454.802,756.209,659.236,456.323,760.728,474.991,352.912,747.802,449.922,481.345,895.79,447.496,483.781,862.677,405.907,481.884,942.098,414.455,485.535,907.701,376.54,477.716,1111.89,265.604,399.75,1085.23,240.134,522.857,1154.5,128.292,413.049,1120.08,107.957,476.112,1093.34,75.9591,415.755,1163.69,310.736,76.5346,752.84,1398.97,407.788,748.718,1431.53
537,0,172.182,665.432,961.858,394.429,711.066,952.231,194.947,863.311,960.688,284.203,879.874,963.769,98.3557,700.066,719.655,108.736,644.446,734.951,110.115,680.404,677.053,118.392,625.453,689.915,166.085,584.56,503.523,267.516,612.862,498.944,125.954,625.557,369.216,143.906,584.422,369.835,127.661,622.22,318.355,143.416,586.068,319.089,154.587,611.262,107.647,238.754,606.323,114.499,119.815,491.195,41.3582,230.154,464.19,39.0991,175.063,435.743,64.2163,206.976,688.592,75.3035,455.807,790.98,699.352,449.179,739.955,703.466,454.256,796.574,656.197,453.665,746.25,660.523,455.369,747.205,476.505,351.685,733.837,451.296,479.552,882.074,449.637,482.593,849.218,407.844,480.086,928.574,416.986,484.237,894.464,378.825,475.91,1099.54,269.333,398.091,1072.65,243.539,521.774,1142.49,132.546,412.27,1107.63,111.216,475.637,1081.55,78.7335,413.458,1150.96,314.39,74.8848,745.489,1399.91,406.057,742.361,1432.69
538,0,170.96,658.977,962.908,393.2,705.136,953.816,193.012,856.724,961.427,282.127,873.605,964.502,97.615,694.5,719.928,108.047,638.816,734.758,109.536,675.229,677.19,117.923,620.304,689.476,165.974,580.674,503.276,267.302,609.401,499.05,126.057,623.128,369.285,143.814,581.853,369.572,127.713,620.197,318.412,143.349,583.904,318.853,154.764,611.009,107.738,238.973,606.11,114.472,119.933,491.133,41.4111,230.233,464.157,38.9293,175.239,435.459,63.7844,207.047,688.547,75.4267,454.173,781.737,700.143,448.037,730.722,705.03,452.63,786.596,656.878,452.545,736.337,661.972,454.372,733.706,478.224,350.409,719.924,452.917,477.683,868.368,451.85,481.331,835.73,409.893,478.236,915.018,419.533,482.877,881.161,381.171,474.04,1086.97,272.858,396.341,1059.87,246.804,520.67,1129.77,136.501,411.425,1094.58,114.324,475.064,1068.91,81.6574,411.154,1138.28,317.611,73.2752,738.22,1400.88,404.39,736.126,1433.84
539,0,169.784,652.548,963.959,392.006,699.224,955.473,191.116,850.174,962.228,280.098,867.346,965.295,96.8615,689.052,720.235,107.346,633.297,734.601,108.923,670.168,677.361,117.414,615.254,689.081,165.76,576.987,503.019,267.002,606.041,499.145,126.097,620.937,369.348,143.604,579.5,369.316,127.71,618.384,318.459,143.164,581.936,318.627,154.904,610.785,107.827,239.15,605.911,114.474,120.024,491.08,41.4658,230.284,464.135,38.8205,175.373,435.2,63.4185,207.11,688.51,75.5432,452.551,772.527,701.081,446.925,721.532,706.733,451.007,776.65,657.721,451.441,726.469,663.573,453.333,720.248,480.135,349.087,706.073,454.77,475.75,854.693,454.117,480.001,822.229,412.038,476.338,901.452,422.073,481.46,867.808,383.558,472.114,1074.19,276.148,394.512,1046.89,249.899,519.546,1116.38,140.133,410.514,1080.99,117.25,474.388,1055.48,84.658,408.855,1125.63,320.404,71.703,731.034,1401.88,402.783,730.012,1435
540,0,168.642,646.15,965.016,390.833,693.311,957.189,189.277,843.668,963.096,278.14,861.096,966.152,96.0848,683.712,720.591,106.627,627.88,734.502,108.267,665.21,677.582,116.853,610.289,688.761,165.436,573.49,502.76,266.61,602.768,499.23,126.057,618.949,369.407,143.275,577.343,369.069,127.643,616.751,318.497,142.861,580.142,318.412,155.003,610.586,107.912,239.281,605.722,114.506,120.089,491.034,41.5143,230.309,464.122,38.7613,175.465,434.965,63.1051,207.163,688.481,75.655,450.948,763.347,702.153,445.842,712.382,708.561,449.395,766.735,658.712,450.355,716.646,665.312,452.253,706.845,482.224,347.723,692.291,456.841,473.769,841.067,456.415,478.61,808.73,414.259,474.402,887.893,424.584,479.991,854.418,385.964,470.14,1061.21,279.176,392.616,1033.71,252.794,518.4,1102.39,143.422,409.539,1066.9,119.964,473.607,1041.34,87.6641,406.569,1112.98,322.771,70.1654,723.935,1402.91,401.229,724.014,1436.16
541,0,167.521,639.789,966.088,389.671,687.381,958.95,187.515,837.209,964.032,276.272,854.857,967.078,95.277,678.47,721.004,105.886,622.56,734.474,107.562,660.345,677.861,116.234,605.399,688.531,164.997,570.172,502.5,266.123,599.572,499.304,125.924,617.127,369.464,142.831,575.352,368.834,127.502,615.263,318.529,142.446,578.496,318.21,155.06,610.404,107.994,239.365,605.537,114.57,120.127,490.99,41.551,230.311,464.115,38.7412,175.519,434.749,62.8321,207.205,688.458,75.7641,449.37,754.195,703.343,444.785,703.271,710.499,447.802,756.848,659.837,449.287,706.866,667.174,451.132,693.51,484.475,346.32,678.585,459.115,471.755,827.503,458.725,477.162,795.244,416.537,472.438,874.356,427.042,478.471,841,388.365,468.129,1048.03,281.917,390.669,1020.35,255.458,517.231,1087.85,146.352,408.502,1052.35,122.44,472.725,1026.55,90.6104,404.301,1100.32,324.715,68.6601,716.923,1403.98,399.721,718.126,1437.34
542,0,166.409,633.468,967.177,388.507,681.417,960.74,185.843,830.803,965.036,274.512,848.628,968.072,94.4334,673.318,721.479,105.118,617.332,734.523,106.804,655.567,678.205,115.553,600.578,688.4,164.444,567.024,502.244,265.541,596.444,499.367,125.69,615.429,369.518,142.283,573.501,368.611,127.286,613.883,318.554,141.929,576.969,318.02,155.075,610.236,108.073,239.4,605.353,114.666,120.139,490.946,41.5723,230.29,464.111,38.7512,175.536,434.552,62.5888,207.234,688.441,75.8721,447.824,745.065,704.636,443.753,694.196,712.53,446.235,746.987,661.08,448.235,697.126,669.145,449.969,680.251,486.87,344.879,664.963,461.577,469.724,814.012,461.026,475.663,781.78,418.851,470.456,860.851,429.426,476.906,827.564,390.74,466.091,1034.67,284.35,388.685,1006.81,257.865,516.034,1072.84,148.91,407.41,1037.38,124.654,471.753,1011.2,93.4394,402.052,1087.62,326.241,67.185,709.998,1405.06,398.252,712.339,1438.52
543,0,165.292,627.192,968.289,387.331,675.408,962.546,184.272,824.454,966.102,272.871,842.408,969.13,93.5518,668.254,722.014,104.318,612.196,734.649,105.992,650.874,678.61,114.807,595.826,688.364,163.78,564.031,501.993,264.867,593.381,499.417,125.354,613.817,369.569,141.644,571.759,368.399,126.991,612.58,318.573,141.324,575.531,317.841,155.048,610.078,108.148,239.389,605.169,114.794,120.127,490.901,41.5759,230.251,464.108,38.7833,175.521,434.371,62.3665,207.252,688.428,75.9803,446.314,735.952,706.016,442.743,685.153,714.638,444.701,737.149,662.424,447.197,687.423,671.208,448.762,667.078,489.393,343.401,651.431,464.211,467.693,800.603,463.298,474.115,768.343,421.181,468.469,847.386,431.717,475.299,814.115,393.069,464.035,1021.13,286.456,386.68,993.078,259.993,514.805,1057.42,151.088,406.268,1022.04,126.589,470.705,995.344,96.1039,399.819,1074.85,327.352,65.7385,703.158,1406.18,396.815,706.643,1439.72
544,0,164.16,620.964,969.424,386.133,669.341,964.353,182.807,818.162,967.225,271.357,836.197,970.247,92.6322,663.274,722.604,103.482,607.15,734.842,105.129,646.263,679.073,113.997,591.144,688.411,163.014,561.18,501.748,264.105,590.379,499.457,124.916,612.254,369.616,140.929,570.097,368.199,126.621,611.319,318.588,140.648,574.153,317.674,154.983,609.924,108.222,239.333,604.98,114.952,120.093,490.854,41.561,230.194,464.105,38.8308,175.476,434.203,62.1575,207.258,688.419,76.0901,444.844,726.852,707.468,441.75,676.139,716.807,443.206,727.331,663.855,446.173,677.752,673.348,447.509,653.995,492.025,341.885,637.997,467,465.677,787.279,465.525,472.521,754.937,423.509,466.49,833.969,433.897,473.655,800.658,395.333,461.972,1007.44,288.223,384.668,979.167,261.823,513.54,1041.66,152.881,405.082,1006.36,128.231,469.599,979.057,98.5682,397.601,1062,328.053,64.3191,696.4,1407.32,395.404,701.026,1440.93
545,0,163.002,614.788,970.581,384.906,663.21,966.149,181.453,811.928,968.394,269.974,829.993,971.414,91.6765,658.38,723.242,102.609,602.197,735.092,104.219,641.736,679.585,113.123,586.54,688.526,162.155,558.456,501.509,263.265,587.44,499.488,124.385,610.71,369.658,140.158,568.49,368.008,126.179,610.076,318.6,139.92,572.812,317.516,154.882,609.772,108.294,239.236,604.787,115.138,120.039,490.803,41.5279,230.123,464.101,38.8882,175.407,434.047,61.9561,207.253,688.412,76.2024,443.419,717.76,708.977,440.774,667.148,719.023,441.755,717.53,665.356,445.159,668.112,675.55,446.209,641.01,494.75,340.333,624.669,469.93,463.688,774.046,467.691,470.882,741.566,425.815,464.529,820.602,435.952,471.977,787.196,397.514,459.909,993.595,289.64,382.661,965.075,263.342,512.235,1025.61,154.287,403.859,990.357,129.574,468.455,962.389,100.808,395.394,1049.03,328.349,62.926,689.722,1408.48,394.013,695.476,1442.15
546,0,161.809,608.664,971.755,383.644,657.009,967.921,180.208,805.752,969.598,268.722,823.796,972.619,90.6878,653.571,723.916,101.694,597.339,735.382,103.265,637.294,680.134,112.188,582.022,688.691,161.216,555.845,501.274,262.356,584.563,499.514,123.772,609.161,369.696,139.346,566.916,367.826,125.671,608.827,318.612,139.155,571.489,317.366,154.751,609.62,108.366,239.101,604.589,115.352,119.968,490.748,41.4777,230.04,464.095,38.951,175.318,433.899,61.7579,207.238,688.405,76.3182,442.039,708.672,710.53,439.81,658.177,721.272,440.352,707.743,666.915,444.154,658.497,677.799,444.861,628.128,497.551,338.746,611.453,472.985,461.739,760.903,469.78,469.199,728.23,428.083,462.597,807.289,437.869,470.27,773.734,399.599,457.853,979.616,290.703,380.671,950.803,264.542,510.887,1009.33,155.307,402.605,974.06,130.613,467.292,945.387,102.807,393.192,1035.95,328.245,61.5584,683.117,1409.66,392.636,689.979,1443.38
547,0,160.574,602.596,972.941,382.343,650.735,969.66,179.068,799.632,970.825,267.598,817.601,973.851,89.6705,648.852,724.616,100.736,592.578,735.696,102.275,632.942,680.708,111.195,577.597,688.884,160.212,553.333,501.043,261.391,581.75,499.538,123.09,607.592,369.73,138.509,565.358,367.652,125.108,607.561,318.626,138.37,570.168,317.222,154.595,609.465,108.438,238.934,604.384,115.589,119.882,490.691,41.412,229.949,464.085,39.0155,175.212,433.759,61.5596,207.216,688.398,76.4381,440.706,699.584,712.116,438.856,649.222,723.543,439.001,697.969,668.518,443.154,648.907,680.085,443.464,615.352,500.414,337.125,598.357,476.15,459.837,747.853,471.782,467.474,714.932,430.298,460.703,794.032,439.638,468.537,760.273,401.575,455.808,965.512,291.409,378.704,936.355,265.418,509.494,992.855,155.946,401.325,957.484,131.351,466.122,928.087,104.557,390.992,1022.73,327.746,60.2161,676.583,1410.85,391.271,684.525,1444.62
548,0,159.292,596.584,974.129,381.001,644.389,971.356,178.028,793.564,972.062,266.592,811.406,975.097,88.6298,644.223,725.331,99.7344,587.916,736.017,101.255,628.681,681.295,110.146,573.273,689.089,159.158,550.906,500.813,260.384,579.002,499.566,122.356,605.996,369.763,137.661,563.807,367.486,124.499,606.271,318.643,137.578,568.843,317.085,154.418,609.307,108.511,238.739,604.174,115.846,119.785,490.631,41.3331,229.852,464.072,39.0788,175.094,433.623,61.3594,207.189,688.388,76.5632,439.421,690.495,713.724,437.909,640.28,725.829,437.704,688.208,670.157,442.156,639.338,682.394,442.019,602.69,503.325,335.472,585.39,479.409,457.987,734.896,473.686,465.711,701.675,432.451,458.851,780.833,441.252,466.78,746.819,403.434,453.778,951.292,291.758,376.765,921.737,265.97,508.06,976.209,156.21,400.022,940.643,131.792,464.955,910.521,106.05,388.792,1009.37,326.855,58.8986,670.111,1412.05,389.914,679.1,1445.86
549,0,157.96,590.628,975.309,379.619,637.974,973.001,177.08,787.546,973.297,265.694,805.21,976.344,87.5713,639.688,726.047,98.6911,583.355,736.329,100.212,624.514,681.883,109.049,569.054,689.287,158.067,548.552,500.585,259.349,576.315,499.603,121.585,604.373,369.795,136.813,562.256,367.326,123.856,604.956,318.665,136.79,567.51,316.953,154.228,609.145,108.586,238.523,603.957,116.12,119.68,490.571,41.2435,229.75,464.054,39.1389,174.969,433.491,61.1563,207.158,688.374,76.6943,438.181,681.402,715.348,436.969,631.349,728.12,436.463,678.459,671.824,441.16,629.791,684.719,440.528,590.145,506.27,333.79,572.559,482.749,456.192,722.034,475.483,463.915,688.464,434.531,457.044,767.694,442.704,465.004,733.374,405.168,451.764,936.962,291.754,374.855,906.953,266.202,506.586,959.411,156.112,398.698,923.547,131.943,463.79,892.718,107.283,386.591,995.859,325.578,57.6057,663.698,1413.25,388.563,673.693,1447.1
550,0,156.575,584.725,976.47,378.196,631.493,974.589,176.214,781.572,974.518,264.89,799.008,977.582,86.5007,635.247,726.755,97.6084,578.894,736.616,99.1541,620.444,682.461,107.908,564.942,689.465,156.955,546.261,500.357,258.3,573.688,499.653,120.793,602.734,369.83,135.973,560.707,367.175,123.191,603.624,318.692,136.011,566.173,316.828,154.03,608.977,108.663,238.294,603.735,116.407,119.57,490.51,41.1455,229.647,464.032,39.1941,174.839,433.361,60.9501,207.126,688.355,76.8324,436.986,672.307,716.979,436.032,622.428,730.414,435.279,668.723,673.512,440.165,620.264,687.051,438.993,577.723,509.238,332.082,559.873,486.153,454.452,709.27,477.168,462.092,675.303,436.533,455.285,754.618,443.989,463.209,719.945,406.772,449.766,922.527,291.403,372.973,892.012,266.12,505.077,942.465,155.664,397.354,906.207,131.814,462.625,874.698,108.255,384.39,982.205,323.919,56.3371,657.338,1414.46,387.217,668.293,1448.34
551,0,155.136,578.875,977.6,376.738,624.954,976.114,175.419,775.638,975.713,264.166,792.801,978.8,85.4233,630.901,727.444,96.4908,574.533,736.867,98.088,616.471,683.019,106.732,560.938,689.609,155.833,544.024,500.127,257.247,571.117,499.716,119.993,601.089,369.868,135.145,559.162,367.031,122.515,602.286,318.727,135.247,564.836,316.709,153.83,608.806,108.743,238.059,603.507,116.701,119.459,490.45,41.0419,229.545,464.005,39.2434,174.709,433.232,60.7412,207.094,688.329,76.9787,435.833,663.209,718.615,435.1,613.518,732.707,434.149,659.001,675.214,439.17,610.759,689.387,437.417,565.43,512.218,330.353,547.339,489.607,452.763,696.606,478.736,460.247,662.2,438.452,453.569,741.606,445.106,461.4,706.536,408.245,447.785,907.988,290.71,371.113,876.923,265.733,503.54,925.367,154.882,395.988,888.629,131.417,461.453,856.479,108.967,382.19,968.406,321.884,55.0924,651.025,1415.65,385.877,662.891,1449.57
552,0,153.646,573.073,978.688,375.246,618.363,977.572,174.684,769.742,976.872,263.505,786.59,979.989,84.3444,626.647,728.106,95.3444,570.267,737.072,97.0206,612.591,683.549,105.53,557.039,689.711,154.71,541.833,499.894,256.197,568.605,499.792,119.195,599.458,369.911,134.33,557.632,366.895,121.836,600.956,318.769,134.499,563.511,316.599,153.634,608.632,108.825,237.826,603.273,116.999,119.349,490.393,40.9351,229.445,463.974,39.286,174.58,433.105,60.5303,207.065,688.296,77.1344,434.718,654.113,720.252,434.17,604.619,734.996,433.071,649.298,676.928,438.178,601.28,691.723,435.806,553.273,515.199,328.607,534.968,493.097,451.121,684.048,480.181,458.386,649.162,440.285,451.895,728.664,446.051,459.579,693.154,409.585,445.82,893.346,289.685,369.273,861.693,265.052,501.978,908.108,153.785,394.6,870.821,130.765,460.263,838.071,109.425,379.995,954.462,319.478,53.8711,644.754,1416.83,384.544,657.477,1450.78
553,0,152.106,567.315,979.723,373.727,611.729,978.961,174,763.879,977.988,262.896,780.375,981.141,83.2685,622.483,728.733,94.1767,566.093,737.226,95.9582,608.801,684.046,104.309,553.239,689.763,153.595,539.684,499.658,255.156,566.15,499.875,118.408,597.856,369.96,133.527,556.124,366.767,121.162,599.649,318.82,133.765,562.207,316.495,153.445,608.454,108.911,237.6,603.032,117.296,119.241,490.339,40.8274,229.349,463.938,39.3215,174.454,432.977,60.3184,207.038,688.254,77.3006,433.641,645.021,721.888,433.24,595.734,737.278,432.04,639.615,678.649,437.192,591.83,694.057,434.162,541.257,518.174,326.849,522.765,496.608,449.519,671.598,481.502,456.514,636.196,442.033,450.256,715.793,446.826,457.749,679.806,410.794,443.871,878.596,288.337,367.445,846.33,264.088,500.396,890.672,152.39,393.186,852.788,129.871,459.044,819.48,109.64,377.811,940.375,316.708,52.6728,638.52,1418,383.218,652.043,1451.97
554,0,150.521,561.598,980.695,372.186,605.061,980.279,173.355,758.046,979.051,262.326,774.161,982.248,82.2001,618.402,729.319,92.9958,562.001,737.324,94.906,605.094,684.503,103.079,549.533,689.76,152.494,537.572,499.417,254.127,563.748,499.962,117.634,596.3,370.015,132.735,554.65,366.647,120.498,598.378,318.877,133.043,560.935,316.4,153.269,608.275,109.001,237.387,602.785,117.588,119.138,490.289,40.7206,229.257,463.899,39.3497,174.332,432.85,60.1065,207.015,688.203,77.4782,432.599,635.94,723.523,432.307,586.863,739.548,431.052,629.959,680.374,436.212,582.414,696.389,432.492,529.389,521.133,325.084,510.74,500.129,447.949,659.263,482.696,454.634,623.311,443.693,448.646,702.996,447.428,455.913,666.498,411.871,441.937,863.736,286.675,365.625,830.842,262.853,498.797,873.043,150.717,391.744,834.537,128.752,457.786,800.708,109.624,375.643,926.147,313.582,51.4969,632.318,1419.14,381.903,646.583,1453.13
555,0,148.896,555.917,981.596,370.629,598.367,981.523,172.741,752.24,980.056,261.786,767.951,983.302,81.143,614.396,729.861,91.8104,557.985,737.366,93.8686,601.462,684.92,101.848,545.912,689.702,151.408,535.494,499.17,253.112,561.393,500.046,116.879,594.804,370.075,131.95,553.218,366.533,119.85,597.155,318.941,132.328,559.703,316.311,153.106,608.094,109.094,237.189,602.533,117.874,119.04,490.244,40.6162,229.17,463.858,39.3707,174.215,432.723,59.8959,206.997,688.143,77.6682,431.589,626.875,725.158,431.367,578.01,741.804,430.102,620.334,682.102,435.241,573.038,698.717,430.799,517.675,524.071,323.317,498.895,503.646,446.402,647.046,483.76,452.751,610.515,445.265,447.06,690.277,447.859,454.072,653.237,412.818,440.016,848.76,284.708,363.808,815.234,261.359,497.185,855.204,148.784,390.271,816.07,127.423,456.48,781.755,109.392,373.498,911.777,310.109,50.3429,626.144,1420.24,380.601,641.091,1454.26
556,0,147.237,550.267,982.419,369.062,591.657,982.696,172.15,746.456,980.997,261.265,761.747,984.298,80.1007,610.455,730.356,90.629,554.033,737.353,92.8494,597.895,685.293,100.626,542.366,689.589,150.339,533.448,498.916,252.113,559.073,500.123,116.141,593.374,370.14,131.168,551.833,366.425,119.218,595.987,319.01,131.618,558.518,316.227,152.959,607.913,109.191,237.009,602.274,118.152,118.949,490.203,40.5154,229.089,463.815,39.3847,174.102,432.598,59.6877,206.981,688.073,77.8711,430.612,617.835,726.791,430.417,569.179,744.039,429.185,610.747,683.83,434.28,563.709,701.04,429.089,506.121,526.98,321.553,487.237,507.148,444.869,634.953,484.693,450.868,597.814,446.749,445.49,677.637,448.119,452.229,640.029,413.638,438.11,833.662,282.446,361.989,799.51,259.62,495.56,837.142,146.61,388.764,797.393,125.899,455.117,762.619,108.96,371.382,897.264,306.298,49.2102,619.994,1421.32,379.314,635.563,1455.34
557,0,145.551,544.646,983.158,367.49,584.937,983.797,171.573,740.693,981.872,260.757,755.552,985.232,79.0767,606.569,730.803,89.4592,550.136,737.288,91.8504,594.381,685.624,99.4198,538.882,689.424,149.286,531.43,498.655,251.128,556.777,500.185,115.42,592.013,370.208,130.387,550.498,366.32,118.604,594.876,319.082,130.909,557.38,316.147,152.828,607.731,109.293,236.845,602.011,118.421,118.863,490.166,40.4188,229.012,463.773,39.3919,173.993,432.472,59.4829,206.969,687.991,78.087,429.664,608.826,728.424,429.452,560.374,746.251,428.297,601.204,685.557,433.329,554.432,703.357,427.365,494.734,529.853,319.796,475.768,510.623,443.343,622.986,485.491,448.989,585.215,448.144,443.929,665.08,448.208,450.388,626.879,414.332,436.216,818.436,279.898,360.166,783.674,257.648,493.924,818.843,144.21,387.221,778.507,124.199,453.693,743.297,108.348,369.3,882.606,302.158,48.0979,613.865,1422.35,378.044,629.995,1456.38
558,0,143.846,539.048,983.811,365.921,578.216,984.826,171.007,734.948,982.677,260.256,749.369,986.099,78.0738,602.725,731.201,88.3079,546.282,737.177,90.8728,590.909,685.912,98.235,535.449,689.213,148.249,529.438,498.386,250.159,554.494,500.227,114.717,590.715,370.276,129.607,549.209,366.216,118.009,593.818,319.156,130.201,556.287,316.069,152.712,607.549,109.398,236.699,601.742,118.682,118.783,490.134,40.3272,228.939,463.733,39.3927,173.889,432.348,59.2825,206.958,687.899,78.3159,428.744,599.858,730.054,428.471,551.603,748.436,427.433,591.713,687.282,432.389,545.214,705.664,425.631,483.52,532.685,318.05,464.493,514.06,441.818,611.148,486.152,447.116,572.724,449.449,442.371,652.605,448.128,448.549,613.792,414.9,434.334,803.075,277.074,358.336,767.727,255.458,492.275,800.3,141.603,385.641,759.415,122.338,452.205,723.787,107.575,367.257,867.799,297.701,47.0052,607.754,1423.34,376.794,624.385,1457.36
559,0,142.13,533.472,984.376,364.358,571.501,985.787,170.446,729.221,983.411,259.758,743.199,986.898,77.0944,598.912,731.552,87.1805,542.461,737.026,89.9166,587.466,686.162,97.0769,532.053,688.962,147.225,527.468,498.108,249.205,552.211,500.243,114.031,589.471,370.345,128.828,547.961,366.111,117.433,592.806,319.23,129.495,555.235,315.992,152.61,607.366,109.508,236.567,601.469,118.936,118.708,490.105,40.241,228.87,463.696,39.3876,173.789,432.223,59.0869,206.949,687.797,78.5575,427.847,590.936,731.677,427.472,542.873,750.589,426.589,582.282,689,431.454,536.059,707.956,423.891,472.483,535.467,316.318,453.416,517.447,440.287,599.44,486.671,445.252,560.344,450.661,440.812,640.213,447.879,446.716,600.77,415.342,432.466,787.573,273.983,356.498,751.669,253.063,490.613,781.508,138.801,384.025,740.119,120.335,450.651,704.086,106.66,365.255,852.835,292.938,45.9312,601.659,1424.27,375.566,618.732,1458.28
560,0,140.411,527.915,984.854,362.808,564.796,986.681,169.887,723.508,984.074,259.261,737.043,987.626,76.1391,595.118,731.856,86.0809,538.664,736.841,88.981,584.042,686.374,95.9487,528.68,688.68,146.212,525.516,497.821,248.264,549.917,500.229,113.36,588.268,370.414,128.053,546.743,366.003,116.875,591.83,319.305,128.791,554.213,315.915,152.519,607.183,109.622,236.449,601.191,119.184,118.636,490.079,40.1604,228.802,463.666,39.3775,173.693,432.099,58.8965,206.94,687.685,78.8111,426.968,582.068,733.29,426.453,534.193,752.707,425.758,572.918,690.708,430.519,526.972,710.226,422.145,461.63,538.194,314.604,442.54,520.772,438.748,587.864,487.046,443.4,548.079,451.778,439.247,627.904,447.461,444.888,587.816,415.661,430.611,771.923,270.637,354.654,735.498,250.477,488.937,762.463,135.822,382.371,720.619,118.208,449.034,684.195,105.623,363.297,837.709,287.879,44.8747,595.58,1425.16,374.361,613.035,1459.14
561,0,138.695,522.376,985.247,361.275,558.107,987.509,169.33,717.81,984.667,258.762,730.903,988.284,75.2078,591.333,732.116,85.0115,534.88,736.629,88.0648,580.626,686.552,94.8522,525.318,688.374,145.208,523.575,497.525,247.337,547.602,500.182,112.706,587.088,370.48,127.284,545.543,365.891,116.333,590.874,319.38,128.094,553.211,315.836,152.438,606.999,109.741,236.342,600.908,119.426,118.568,490.055,40.086,228.735,463.642,39.3641,173.6,431.974,58.7116,206.931,687.564,79.076,426.104,573.261,734.888,425.413,525.57,754.784,424.937,563.63,692.401,429.575,517.957,712.464,420.398,450.965,540.857,312.909,431.868,524.025,437.198,576.419,487.273,441.56,535.931,452.796,437.673,615.677,446.873,443.07,574.932,415.855,428.771,756.119,267.047,352.807,719.208,247.711,487.247,743.165,132.68,380.68,700.916,115.975,447.358,664.114,104.488,361.383,822.41,282.538,43.8348,589.514,1425.99,373.182,607.294,1459.93
562,0,136.992,516.854,985.559,359.762,551.437,988.275,168.773,712.125,985.191,258.261,724.777,988.871,74.2995,587.549,732.336,83.9734,531.103,736.396,87.1663,577.206,686.7,93.7876,521.954,688.052,144.213,521.64,497.221,246.423,545.258,500.102,112.068,585.917,370.545,126.526,544.348,365.774,115.808,589.926,319.455,127.408,552.215,315.756,152.365,606.813,109.865,236.244,600.621,119.666,118.502,490.032,40.0179,228.667,463.625,39.3498,173.51,431.85,58.5325,206.923,687.437,79.3506,425.25,564.522,736.465,424.353,517.014,756.815,424.121,554.423,694.074,428.61,509.014,714.658,418.649,440.494,543.449,311.235,421.406,527.193,435.635,565.104,487.347,439.735,523.902,453.711,436.09,603.529,446.113,441.261,562.119,415.925,426.945,740.158,263.225,350.959,702.794,244.776,485.541,723.617,129.391,378.956,681.011,113.655,445.626,643.843,103.273,359.512,806.931,276.927,42.8104,583.461,1426.75,372.028,601.51,1460.65
563,0,135.306,511.348,985.793,358.273,544.788,988.978,168.217,706.453,985.65,257.76,718.667,989.39,73.4128,583.758,732.518,82.9667,527.323,736.149,86.2835,573.775,686.82,92.7544,518.579,687.721,143.226,519.704,496.909,245.523,542.88,499.989,111.447,584.737,370.609,125.782,543.146,365.652,115.299,588.971,319.531,126.737,551.216,315.674,152.298,606.625,109.994,236.155,600.328,119.903,118.436,490.009,39.9562,228.599,463.614,39.3374,173.421,431.726,58.3593,206.918,687.306,79.6335,424.402,555.855,738.014,423.272,508.532,758.794,423.305,545.306,695.72,427.609,500.146,716.793,416.9,430.221,545.961,309.582,411.157,530.264,434.062,553.917,487.264,437.926,511.993,454.519,434.498,591.458,445.182,439.463,549.376,415.872,425.135,724.033,259.183,349.114,686.25,241.683,483.819,703.82,125.973,377.201,660.904,111.269,443.845,623.386,102.003,357.684,791.261,271.059,41.8004,577.422,1427.46,370.902,595.684,1461.29
564,0,133.643,505.856,985.957,356.81,538.164,989.621,167.664,700.793,986.045,257.259,712.571,989.842,72.5467,579.954,732.665,81.9905,523.536,735.891,85.4149,570.326,686.916,91.7511,515.184,687.388,142.247,517.76,496.589,244.639,540.465,499.847,110.842,583.535,370.671,125.058,541.925,365.524,114.805,587.998,319.608,126.085,550.202,315.59,152.237,606.433,110.129,236.074,600.029,120.139,118.372,489.985,39.9008,228.528,463.607,39.329,173.335,431.604,58.1924,206.915,687.172,79.9224,423.558,547.268,739.528,422.17,500.13,760.715,422.486,536.286,697.33,426.559,491.354,718.855,415.151,420.148,548.385,307.95,401.126,533.228,432.479,542.859,487.02,436.132,500.205,455.216,432.899,579.461,444.076,437.678,536.704,415.695,423.341,707.741,254.936,347.275,669.57,238.445,482.082,683.779,122.443,375.418,640.596,108.837,442.023,602.747,100.7,355.894,775.39,264.95,40.8038,571.395,1428.11,369.802,589.816,1461.85
565,0,132.008,500.377,986.055,355.374,531.564,990.205,167.116,695.145,986.382,256.761,706.49,990.23,71.7002,576.131,732.779,81.0435,519.737,735.626,84.5592,566.852,686.99,90.7759,511.76,687.056,141.278,515.801,496.262,243.773,538.012,499.679,110.255,582.299,370.731,124.354,540.675,365.391,114.326,586.995,319.687,125.457,549.165,315.505,152.181,606.238,110.269,235.999,599.724,120.375,118.308,489.962,39.8516,228.455,463.604,39.3265,173.249,431.483,58.0321,206.917,687.037,80.2154,422.715,538.764,740.998,421.046,491.814,762.569,421.658,527.368,698.895,425.451,482.64,720.831,413.401,410.281,550.711,306.336,391.318,536.072,430.89,531.927,486.61,434.356,488.538,455.799,431.294,567.535,442.794,435.907,524.103,415.395,421.563,691.278,250.498,345.445,652.747,235.075,480.329,663.497,118.823,373.611,620.087,106.379,440.167,581.929,99.3858,354.141,759.307,258.613,39.82,565.381,1428.69,368.73,583.907,1462.33
566,0,130.405,494.911,986.094,353.966,524.989,990.73,166.576,689.51,986.664,256.267,700.422,990.557,70.8726,572.286,732.865,80.1245,515.922,735.357,83.7155,563.349,687.044,89.8269,508.305,686.728,140.322,513.822,495.928,242.927,535.522,499.491,109.685,581.02,370.789,123.676,539.391,365.253,113.862,585.956,319.767,124.854,548.098,315.419,152.128,606.037,110.415,235.932,599.413,120.612,118.243,489.94,39.8085,228.38,463.604,39.3314,173.166,431.363,57.8789,206.924,686.902,80.5111,421.87,530.35,742.416,419.901,483.589,764.349,420.819,518.561,700.406,424.281,474.009,722.709,411.649,400.622,552.93,304.741,381.738,538.784,429.298,521.119,486.029,432.596,476.994,456.262,429.688,555.676,441.337,434.151,511.572,414.971,419.801,674.638,245.884,343.626,635.779,231.584,478.561,642.98,115.133,371.785,599.379,103.917,438.284,560.938,98.0849,352.42,743.003,252.064,38.8481,559.381,1429.2,367.685,577.961,1462.73
567,0,128.836,489.454,986.08,352.585,518.438,991.199,166.046,683.886,986.894,255.781,694.367,990.825,70.0633,568.416,732.923,79.2319,512.089,735.083,82.8833,559.816,687.079,88.9025,504.814,686.404,139.38,511.817,495.586,242.106,532.997,499.288,109.134,579.694,370.846,123.023,538.066,365.109,113.413,584.878,319.849,124.28,547,315.33,152.081,605.83,110.567,235.872,599.094,120.848,118.177,489.919,39.7712,228.301,463.606,39.3444,173.084,431.242,57.7333,206.937,686.766,80.8085,421.02,522.028,743.772,418.735,475.46,766.044,419.963,509.868,701.852,423.046,465.468,724.48,409.895,391.173,555.031,303.159,372.391,541.352,427.708,510.434,485.274,430.854,465.574,456.604,428.084,543.88,439.703,432.411,499.11,414.422,418.054,657.819,241.111,341.819,618.659,227.987,476.779,622.23,111.397,369.942,578.475,101.473,436.381,539.78,96.8199,350.729,726.467,245.319,37.8875,553.393,1429.65,366.666,571.976,1463.05
568,0,127.303,484.007,986.019,351.233,511.911,991.609,165.529,678.275,987.077,255.305,688.322,991.038,69.2716,564.521,732.956,78.3646,508.236,734.805,82.0628,556.249,687.095,88.0012,501.287,686.083,138.454,509.782,495.235,241.309,530.44,499.075,108.601,578.319,370.901,122.397,536.701,364.96,112.981,583.757,319.934,123.736,545.869,315.241,152.037,605.616,110.724,235.822,598.768,121.085,118.11,489.9,39.7393,228.219,463.61,39.3658,173.005,431.12,57.5961,206.955,686.628,81.1079,420.162,513.805,745.055,417.547,467.429,767.644,419.086,501.298,703.221,421.751,457.023,726.133,408.135,381.938,557.005,301.59,363.284,543.764,426.124,499.869,484.339,429.13,454.277,456.821,426.487,532.144,437.892,430.688,486.717,413.751,416.322,640.817,236.197,340.025,601.386,224.299,474.984,601.252,107.64,368.087,557.378,99.0679,434.464,518.463,95.6139,349.064,709.689,238.396,36.9378,547.42,1430.03,365.674,565.956,1463.28
569,0,125.807,478.569,985.914,349.906,505.404,991.962,165.026,672.674,987.216,254.84,682.287,991.2,68.4969,560.599,732.965,77.5216,504.363,734.522,81.2541,552.649,687.093,87.1218,497.723,685.764,137.548,507.713,494.876,240.537,527.851,498.856,108.087,576.895,370.955,121.799,535.294,364.806,112.564,582.596,320.021,123.222,544.706,315.149,151.998,605.394,110.888,235.78,598.435,121.322,118.042,489.885,39.7124,228.135,463.614,39.3955,172.928,430.996,57.4674,206.978,686.489,81.4097,419.294,505.684,746.255,416.337,459.5,769.137,418.186,492.856,704.501,420.404,448.684,727.66,406.369,372.918,558.839,300.028,354.42,546.008,424.551,489.422,483.222,427.423,443.106,456.91,424.9,520.462,435.906,428.982,474.393,412.956,414.604,623.626,231.159,338.245,583.956,220.535,473.178,580.052,103.888,366.222,536.093,96.7245,432.537,496.995,94.4897,347.423,692.661,231.313,35.9985,541.46,1430.35,364.707,559.902,1463.43
570,0,124.348,473.138,985.772,348.606,498.915,992.255,164.541,667.082,987.312,254.391,676.26,991.313,67.738,556.653,732.952,76.7022,500.47,734.232,80.4579,549.017,687.073,86.2636,494.123,685.444,136.663,505.608,494.507,239.79,525.233,498.635,107.593,575.425,371.007,121.227,533.847,364.646,112.165,581.396,320.11,122.74,543.515,315.055,151.965,605.164,111.057,235.749,598.094,121.559,117.974,489.873,39.6895,228.048,463.617,39.4331,172.854,430.87,57.3477,207.005,686.348,81.715,418.414,497.67,747.36,415.105,451.675,770.513,417.257,484.548,705.682,419.021,440.46,729.055,404.595,364.117,560.523,298.472,345.806,548.072,422.992,479.09,481.919,425.733,432.06,456.868,423.328,508.832,433.745,427.291,462.138,412.04,412.901,606.244,226.017,336.477,566.368,216.71,471.362,558.633,100.168,364.348,514.626,94.4659,430.603,475.386,93.4699,345.804,675.375,224.092,35.0694,535.514,1430.61,363.765,553.814,1463.51
571,0,122.924,467.713,985.594,347.331,492.442,992.486,164.075,661.495,987.368,253.957,670.238,991.381,66.9939,552.683,732.917,75.9057,496.556,733.932,79.6748,545.353,687.034,85.426,490.49,685.119,135.802,503.466,494.129,239.068,522.587,498.412,107.118,573.913,371.059,120.681,532.365,364.481,111.784,580.161,320.201,122.288,542.297,314.959,151.937,604.925,111.232,235.728,597.744,121.797,117.906,489.864,39.67,227.959,463.619,39.4775,172.784,430.742,57.2367,207.034,686.205,82.0254,417.519,489.769,748.358,413.853,443.955,771.758,416.298,476.381,706.749,417.616,432.363,730.312,402.809,355.535,562.045,296.917,337.444,549.945,421.453,468.87,480.429,424.06,421.14,456.693,421.774,497.247,431.412,425.617,449.951,411.004,411.211,588.667,220.793,334.721,548.623,212.843,469.535,537.002,96.5107,362.467,492.983,92.316,428.664,453.647,92.5774,344.206,657.824,216.753,34.1508,529.582,1430.81,362.848,547.695,1463.5
572,0,121.536,462.293,985.383,346.08,485.982,992.655,163.63,655.912,987.387,253.54,664.22,991.407,66.263,548.691,732.863,75.1316,492.622,733.621,78.9053,541.658,686.974,84.6088,486.826,684.785,134.966,501.285,493.742,238.371,519.915,498.189,106.663,572.363,371.11,120.16,530.849,364.31,111.421,578.895,320.293,121.867,541.058,314.862,151.916,604.678,111.414,235.718,597.386,122.036,117.841,489.856,39.6527,227.87,463.615,39.5275,172.715,430.614,57.1341,207.064,686.058,82.3428,416.607,481.986,749.239,412.581,436.344,772.862,415.306,468.36,707.693,416.205,424.402,731.423,401.01,347.177,563.392,295.361,329.34,551.617,419.935,458.756,478.749,422.403,410.345,456.385,420.241,485.705,428.91,423.957,437.832,409.849,409.536,570.891,215.509,332.975,530.722,208.954,467.697,515.164,92.9454,360.575,471.173,90.2995,426.718,431.791,91.8355,342.628,640.003,209.322,33.2428,523.663,1430.94,361.953,541.545,1463.42
573,0,120.182,456.878,985.142,344.851,479.531,992.757,163.206,650.329,987.371,253.142,658.203,991.392,65.5433,544.678,732.789,74.3793,488.668,733.295,78.1498,537.934,686.894,83.8117,483.132,684.442,134.156,499.066,493.345,237.699,517.218,497.967,106.227,570.779,371.161,119.662,529.304,364.135,111.078,577.6,320.387,121.474,539.799,314.762,151.904,604.421,111.602,235.721,597.019,122.276,117.778,489.849,39.6364,227.782,463.605,39.581,172.649,430.485,57.0387,207.093,685.908,82.6697,415.678,474.324,749.992,411.291,428.842,773.813,414.279,460.492,708.502,414.796,416.586,732.38,399.196,339.043,564.554,293.799,321.493,553.077,418.441,448.744,476.882,420.761,399.675,455.941,418.734,474.198,426.246,422.311,425.78,408.581,407.875,552.915,210.192,331.238,512.67,205.062,465.847,493.127,89.504,358.67,449.207,88.4423,424.763,409.831,91.2678,341.073,621.909,201.824,32.3462,517.756,1431.02,361.081,535.366,1463.26
574,0,118.859,451.465,984.871,343.645,473.088,992.791,162.805,644.744,987.321,252.762,652.185,991.34,64.8328,540.646,732.696,73.6479,484.695,732.953,77.4084,534.183,686.793,83.0347,479.41,684.084,133.373,496.808,492.94,237.051,514.496,497.744,105.81,569.166,371.212,119.188,527.732,363.954,110.755,576.279,320.482,121.11,538.523,314.66,151.9,604.156,111.798,235.737,596.642,122.517,117.721,489.838,39.6197,227.697,463.585,39.6356,172.585,430.358,56.9493,207.12,685.752,83.0083,414.73,466.789,750.609,409.986,421.453,774.6,413.218,452.783,709.165,413.393,408.92,733.174,397.366,331.137,565.519,292.228,313.907,554.316,416.976,438.828,474.827,419.133,389.129,455.362,417.254,462.724,423.424,420.678,413.793,407.203,406.228,534.74,204.867,329.507,494.474,201.191,463.982,470.897,86.2193,356.748,427.098,86.7705,422.791,387.783,90.8987,339.541,603.543,194.287,31.4615,511.861,1431.03,360.23,529.158,1463.04
575,0,117.566,446.052,984.572,342.458,466.649,992.754,162.425,639.153,987.239,252.401,646.162,991.25,64.1296,536.596,732.583,72.9365,480.702,732.593,76.6808,530.405,686.67,82.2777,475.662,683.71,132.618,494.513,492.525,236.427,511.75,497.519,105.412,567.524,371.263,118.735,526.136,363.768,110.451,574.934,320.577,120.774,537.232,314.556,151.906,603.882,112.001,235.767,596.256,122.758,117.67,489.821,39.6013,227.617,463.552,39.6882,172.522,430.233,56.8642,207.143,685.589,83.3604,413.763,459.385,751.082,408.67,414.178,775.214,412.122,445.238,709.675,411.999,401.411,733.796,395.519,323.46,566.277,290.647,306.581,555.327,415.539,429.002,472.59,417.517,378.706,454.651,415.803,451.276,420.455,419.056,401.871,405.723,404.597,516.367,199.562,327.78,476.144,197.363,462.098,448.485,83.1249,354.799,404.865,85.3108,420.794,365.661,90.7529,338.035,584.907,186.743,30.5895,505.975,1431,359.4,522.924,1462.74
576,0,116.301,440.638,984.244,341.292,460.212,992.644,162.066,633.554,987.126,252.056,640.132,991.125,63.4318,532.528,732.45,72.2437,476.689,732.214,75.9662,526.601,686.524,81.5406,471.89,683.319,131.889,492.18,492.103,235.824,508.981,497.29,105.032,565.858,371.314,118.304,524.517,363.576,110.166,573.566,320.672,120.464,535.925,314.448,151.924,603.6,112.212,235.813,595.86,123,117.628,489.795,39.5802,227.544,463.503,39.7353,172.461,430.111,56.7815,207.164,685.419,83.7274,412.775,452.117,751.403,407.345,407.021,775.647,410.993,437.865,710.024,410.611,394.063,734.236,393.655,316.013,566.82,289.053,299.515,556.102,414.132,419.258,470.177,415.911,368.404,453.811,414.385,439.849,417.35,417.443,390.013,404.147,402.98,497.799,194.307,326.056,457.692,193.603,460.19,425.902,80.2549,352.817,382.527,84.0898,418.76,343.484,90.8558,336.56,566.007,179.223,29.7313,500.098,1430.91,358.59,516.663,1462.39
577,0,115.061,435.22,983.886,340.143,453.773,992.458,161.726,627.944,986.983,251.728,634.092,990.965,62.7374,528.441,732.295,71.5679,472.656,731.815,75.2636,522.773,686.355,80.823,468.095,682.91,131.185,489.813,491.672,235.242,506.188,497.056,104.671,564.167,371.364,117.893,522.875,363.379,109.9,572.176,320.767,120.179,534.603,314.336,151.953,603.309,112.431,235.875,595.455,123.243,117.595,489.759,39.5561,227.479,463.438,39.7731,172.402,429.992,56.6995,207.183,685.239,84.1106,411.77,444.988,751.567,406.016,399.985,775.893,409.833,430.668,710.206,409.231,386.877,734.488,391.773,308.797,567.141,287.444,292.705,556.636,412.757,409.59,467.595,414.315,358.22,452.848,413.001,428.439,414.121,415.838,378.216,402.488,401.379,479.045,189.134,324.332,439.133,189.937,458.251,403.159,77.6439,350.789,360.109,83.1349,416.676,321.273,91.2328,335.119,546.853,171.762,28.8879,494.228,1430.76,357.798,510.378,1461.97
578,0,113.845,429.796,983.5,339.013,447.33,992.196,161.405,622.32,986.81,251.414,628.039,990.769,62.0445,524.337,732.119,70.907,468.602,731.395,74.5713,518.92,686.164,80.1251,464.279,682.481,130.506,487.411,491.234,234.678,503.373,496.815,104.327,562.452,371.414,117.502,521.211,363.177,109.653,570.764,320.861,119.917,533.263,314.219,151.996,603.011,112.66,235.952,595.041,123.486,117.57,489.714,39.5294,227.422,463.358,39.7982,172.345,429.876,56.6163,207.202,685.048,84.5109,410.746,438.002,751.569,404.688,393.071,775.947,408.644,423.65,710.216,407.858,379.858,734.547,389.875,301.812,567.234,285.818,286.15,556.924,411.415,399.989,464.858,412.724,348.153,451.768,411.652,417.04,410.784,414.238,366.481,400.757,399.792,460.114,184.075,322.605,420.487,186.39,456.273,380.273,75.3256,348.705,337.639,82.473,414.525,299.048,91.9088,333.718,527.456,164.394,28.0606,488.363,1430.57,357.025,504.069,1461.49
579,0,112.65,424.362,983.083,337.899,440.88,991.856,161.099,616.679,986.607,251.112,621.97,990.536,61.3507,520.213,731.921,70.2589,464.526,730.954,73.8871,515.046,685.951,79.4467,460.443,682.031,129.848,484.978,490.79,234.13,500.535,496.567,103.999,560.713,371.462,117.13,519.526,362.969,109.421,569.33,320.953,119.676,531.905,314.098,152.052,602.704,112.9,236.046,594.616,123.731,117.553,489.662,39.501,227.371,463.263,39.808,172.291,429.76,56.5305,207.222,684.848,84.9293,409.708,431.164,751.406,403.364,386.283,775.805,407.43,416.816,710.052,406.493,373.006,734.409,387.961,295.054,567.095,284.175,279.845,556.962,410.104,390.449,461.977,411.136,338.2,450.582,410.339,405.65,407.358,412.643,354.808,398.968,398.221,441.018,179.165,320.874,401.775,182.989,454.246,357.261,73.3332,346.553,315.152,82.1289,412.29,276.836,92.9075,332.359,507.834,157.157,27.2507,482.503,1430.32,356.27,497.738,1460.96
580,0,111.474,418.917,982.636,336.801,434.421,991.437,160.806,611.018,986.373,250.82,615.882,990.265,60.6536,516.071,731.701,69.621,460.428,730.492,73.2083,511.148,685.717,78.7877,456.589,681.562,129.208,482.516,490.339,233.595,497.676,496.309,103.686,558.951,371.509,116.775,517.82,362.756,109.205,567.874,321.045,119.451,530.527,313.972,152.123,602.39,113.151,236.154,594.181,123.979,117.541,489.607,39.472,227.325,463.157,39.8004,172.238,429.645,56.4411,207.245,684.636,85.3664,408.657,424.477,751.077,402.049,379.623,775.465,406.194,410.167,709.71,405.135,366.322,734.071,386.032,288.52,566.726,282.514,273.786,556.75,408.827,380.96,458.972,409.549,328.357,449.3,409.063,394.264,403.862,411.049,343.195,397.137,396.664,421.775,174.439,319.134,383.021,179.76,452.159,334.146,71.6977,344.319,292.687,82.124,409.952,254.664,94.2505,331.049,488.008,150.088,26.4597,476.644,1430.03,355.533,491.385,1460.37
581,0,110.314,413.457,982.157,335.717,427.949,990.941,160.522,605.335,986.105,250.535,609.773,989.954,59.9509,511.909,731.461,68.9906,456.308,730.01,72.5318,507.23,685.462,78.1479,452.719,681.072,128.583,480.026,489.883,233.071,494.796,496.044,103.387,557.167,371.555,116.436,516.093,362.539,109.002,566.397,321.136,119.239,529.128,313.843,152.208,602.068,113.415,236.275,593.734,124.231,117.533,489.551,39.4435,227.283,463.04,39.7742,172.187,429.53,56.3478,207.273,684.412,85.823,407.597,417.942,750.581,400.746,373.091,774.926,404.942,403.705,709.192,403.786,359.807,733.534,384.09,282.204,566.128,280.832,267.968,556.288,407.582,371.516,455.86,407.959,318.622,447.935,407.824,382.881,400.321,409.455,331.644,395.283,395.123,402.405,169.932,317.384,364.252,176.727,450.002,310.955,70.4476,341.991,270.289,82.4757,407.491,232.564,95.9566,329.79,468.003,143.226,25.689,470.787,1429.69,354.814,485.013,1459.74
582,0,109.17,407.98,981.646,334.648,421.462,990.367,160.245,599.626,985.804,250.255,603.64,989.6,59.24,507.727,731.202,68.3645,452.164,729.508,71.8542,503.29,685.189,77.5269,448.835,680.563,127.969,477.51,489.421,232.555,491.897,495.77,103.099,555.362,371.6,116.109,514.347,362.318,108.809,564.902,321.227,119.034,527.708,313.711,152.307,601.739,113.693,236.407,593.275,124.488,117.528,489.496,39.4161,227.245,462.914,39.729,172.134,429.416,56.2507,207.304,684.177,86.3,406.532,411.56,749.919,399.459,366.689,774.189,403.678,397.429,708.498,402.447,353.46,732.797,382.135,276.096,565.306,279.131,262.384,555.578,406.368,362.107,452.663,406.363,308.991,446.503,406.621,371.499,396.758,407.857,320.156,393.424,393.593,382.935,165.677,315.621,345.5,173.917,447.762,287.72,69.6078,339.557,248.005,83.1984,404.892,210.571,98.0408,328.584,447.85,136.61,24.9403,464.928,1429.3,354.113,478.622,1459.06
583,0,108.04,402.483,981.102,333.592,414.957,989.719,159.97,593.888,985.466,249.976,597.48,989.2,58.5187,503.525,730.924,67.7397,447.996,728.987,71.1722,499.33,684.899,76.9239,444.936,680.034,127.362,474.97,488.955,232.042,488.978,495.487,102.821,553.537,371.646,115.792,512.583,362.095,108.624,563.389,321.318,118.833,526.269,313.578,152.42,601.401,113.985,236.547,592.804,124.751,117.525,489.445,39.3904,227.209,462.781,39.6658,172.079,429.304,56.1504,207.341,683.929,86.7981,405.466,405.33,749.093,398.192,360.416,773.256,402.409,391.337,707.63,401.119,347.28,731.859,380.17,270.185,564.269,277.409,257.028,554.626,405.185,352.729,449.406,404.759,299.458,445.02,405.453,360.118,393.201,406.252,308.734,391.58,392.074,363.394,161.705,313.843,326.798,171.35,445.426,264.479,69.1985,337.004,225.886,84.3024,402.137,188.724,100.513,327.436,427.585,130.278,24.2152,459.068,1428.87,353.431,472.214,1458.34
584,0,106.921,396.963,980.525,332.547,408.431,988.998,159.696,588.119,985.091,249.697,591.29,988.751,57.7846,499.301,730.63,67.1129,443.801,728.448,70.4824,495.348,684.593,76.3376,441.023,679.487,126.757,472.409,488.485,231.529,486.041,495.198,102.55,551.696,371.693,115.481,510.803,361.871,108.443,561.86,321.412,118.632,524.812,313.445,152.544,601.056,114.292,236.692,592.32,125.022,117.521,489.397,39.3664,227.172,462.642,39.5871,172.018,429.196,56.0476,207.381,683.668,87.3179,404.403,399.247,748.108,396.948,354.268,772.131,401.14,385.424,706.593,399.805,341.263,730.723,378.195,264.456,563.027,275.665,251.892,553.439,404.031,343.374,446.113,403.143,290.021,443.503,404.318,348.741,389.675,404.637,297.383,389.771,390.561,343.817,158.046,312.048,308.179,169.047,442.984,241.276,69.2348,334.323,203.982,85.7941,399.215,167.067,103.378,326.346,407.248,124.266,23.5152,453.203,1428.39,352.767,465.79,1457.58
585,0,105.812,391.417,979.913,331.513,401.883,988.207,159.417,582.315,984.676,249.414,585.069,988.25,57.0353,495.054,730.321,66.4808,439.578,727.892,69.7817,491.344,684.274,75.7663,437.097,678.923,126.151,469.826,488.012,231.014,483.086,494.901,102.283,549.842,371.741,115.17,509.008,361.647,108.263,560.319,321.508,118.427,523.339,313.314,152.678,600.705,114.616,236.84,591.824,125.303,117.517,489.355,39.344,227.133,462.497,39.4963,171.949,429.091,55.9424,207.426,683.395,87.8599,403.348,393.305,746.967,395.728,348.243,770.817,399.878,379.685,705.39,398.507,335.404,729.391,376.213,258.893,561.597,273.901,246.967,552.029,402.905,334.038,442.811,401.514,280.674,441.971,403.214,337.372,386.209,403.009,286.106,388.018,389.051,324.245,154.726,310.233,289.683,167.025,440.425,218.161,69.7257,331.505,182.345,87.6742,396.114,145.646,106.633,325.316,386.887,118.605,22.8416,447.334,1427.87,352.124,459.351,1456.78
586,0,104.714,385.841,979.268,330.49,395.309,987.351,159.132,576.473,984.219,249.126,578.814,987.694,56.2689,490.782,729.999,65.84,435.326,727.32,69.0674,487.317,683.943,75.2073,433.156,678.343,125.539,467.221,487.536,230.491,480.114,494.599,102.017,547.976,371.793,114.856,507.199,361.424,108.078,558.766,321.609,118.212,521.853,313.185,152.818,600.346,114.955,236.986,591.317,125.593,117.512,489.316,39.3228,227.089,462.347,39.3967,171.871,428.993,55.8351,207.472,683.109,88.4249,402.307,387.495,745.677,394.537,342.333,769.323,398.63,374.109,704.029,397.23,329.696,727.868,374.226,253.473,559.994,272.118,242.243,550.408,401.805,324.716,439.526,399.872,271.413,440.444,402.136,326.015,382.829,401.367,274.91,386.34,387.536,304.72,151.764,308.398,271.349,165.299,437.74,195.188,70.6737,328.546,161.028,89.938,392.829,124.51,110.271,324.343,366.549,113.324,22.1958,441.459,1427.3,351.502,452.9,1455.94
587,0,103.623,380.232,978.589,329.476,388.707,986.432,158.838,570.591,983.721,248.832,572.524,987.08,55.4837,486.484,729.665,65.1873,431.041,726.733,68.337,483.265,683.602,74.657,429.197,677.747,124.918,464.595,487.057,229.959,477.124,494.291,101.749,546.101,371.849,114.534,505.378,361.202,107.886,557.203,321.716,117.985,520.354,313.061,152.961,599.98,115.311,237.128,590.799,125.897,117.505,489.282,39.3024,227.041,462.192,39.2916,171.781,428.903,55.7255,207.518,682.81,89.0136,401.285,381.805,744.246,393.375,336.53,767.655,397.404,368.684,702.519,395.976,324.127,726.162,372.236,248.173,558.241,270.315,237.709,548.594,400.73,315.407,436.285,398.215,262.235,438.94,401.084,314.679,379.561,399.708,263.801,384.755,386.011,285.291,149.177,306.539,253.219,163.875,434.922,172.417,72.0738,325.441,140.083,92.5739,389.358,103.71,114.274,323.421,346.289,108.446,21.579,435.578,1426.68,350.902,446.438,1455.07
588,0,102.541,374.586,977.877,328.47,382.076,985.454,158.533,564.668,983.179,248.531,566.196,986.405,54.6783,482.157,729.32,64.5198,426.72,726.132,67.5886,479.186,683.251,74.1109,425.217,677.137,124.285,461.944,486.577,229.413,474.113,493.979,101.477,544.218,371.91,114.198,503.545,360.983,107.681,555.631,321.829,117.74,518.844,312.942,153.103,599.607,115.683,237.261,590.269,126.215,117.495,489.252,39.282,226.987,462.033,39.1844,171.679,428.821,55.6132,207.562,682.499,89.6271,400.287,376.221,742.682,392.244,330.82,765.823,396.206,363.395,700.869,394.75,318.682,724.281,370.249,242.968,556.359,268.497,233.35,546.605,399.68,306.109,433.112,396.544,253.136,437.477,400.053,303.375,376.429,398.034,252.789,383.28,384.467,266.011,146.975,304.653,235.334,162.759,431.968,149.912,73.9132,322.192,119.561,95.5634,385.7,83.2981,118.621,322.543,326.161,103.988,20.9921,429.69,1426.03,350.326,439.965,1454.17
589,0,101.466,368.901,977.132,327.472,375.412,984.422,158.215,558.699,982.593,248.222,559.829,985.668,53.8517,477.799,728.965,63.8345,422.363,725.518,66.8205,475.078,682.892,73.5628,421.212,676.514,123.637,459.266,486.094,228.852,471.081,493.662,101.197,542.326,371.976,113.845,501.698,360.767,107.459,554.048,321.95,117.475,517.323,312.83,153.239,599.226,116.073,237.381,589.729,126.551,117.481,489.224,39.2608,226.927,461.873,39.0784,171.563,428.749,55.498,207.6,682.175,90.2668,399.319,370.727,740.997,391.146,325.189,763.841,395.043,358.222,699.091,393.554,313.345,722.239,368.27,237.83,554.376,266.667,229.15,544.465,398.655,296.825,430.033,394.862,244.116,436.072,399.04,292.115,373.453,396.345,241.88,381.927,382.894,246.933,145.158,302.736,217.739,161.949,428.873,127.74,76.1708,318.801,99.5121,98.8804,381.863,63.3275,123.279,321.695,306.227,99.9608,20.4358,423.794,1425.33,349.774,433.483,1453.24
590,0,100.397,363.172,976.356,326.481,368.714,983.339,157.884,552.685,981.962,247.905,553.422,984.868,53.0035,473.407,728.599,63.1291,417.964,724.89,66.032,470.938,682.524,73.0056,417.176,675.878,122.972,456.556,485.607,228.274,468.022,493.339,100.907,540.423,372.047,113.471,499.835,360.554,107.216,552.454,322.079,117.186,515.789,312.724,153.362,598.834,116.481,237.484,589.177,126.907,117.463,489.199,39.238,226.864,461.715,38.977,171.433,428.688,55.3795,207.63,681.838,90.934,398.386,365.303,739.202,390.08,319.62,761.721,393.924,353.143,697.199,392.393,308.092,720.051,366.307,232.731,552.319,264.829,225.09,542.198,397.655,287.557,427.066,393.171,235.173,434.738,398.044,280.912,370.649,394.642,231.085,380.708,381.282,228.115,143.723,300.784,200.477,161.435,425.64,105.968,78.8165,315.276,79.9851,102.491,377.856,43.8494,128.21,320.862,286.547,96.3686,19.9106,417.892,1424.59,349.249,426.993,1452.27
591,0,99.3342,357.397,975.548,325.497,361.979,982.207,157.54,546.624,981.287,247.581,546.974,984.005,52.1339,468.976,728.222,62.4015,413.522,724.247,65.2226,466.762,682.146,72.4317,413.103,675.227,122.29,453.81,485.116,227.677,464.933,493.011,100.604,538.506,372.123,113.073,497.953,360.344,106.95,550.844,322.217,116.872,514.239,312.624,153.468,598.432,116.908,237.567,588.615,127.284,117.441,489.175,39.2127,226.797,461.563,38.8833,171.29,428.637,55.2577,207.648,681.488,91.6308,397.491,359.928,737.313,389.046,314.09,759.482,392.853,348.131,695.209,391.27,302.9,717.734,364.368,227.641,550.218,262.991,221.147,539.832,396.679,278.31,424.23,391.475,226.306,433.487,397.062,269.782,368.03,392.928,220.413,379.626,379.622,209.616,142.654,298.792,183.59,161.204,422.271,84.666,81.8105,311.624,61.025,106.354,373.693,24.9135,133.367,320.026,267.184,93.2065,19.4168,411.982,1423.8,348.753,420.496,1451.27
592,0,98.2761,351.572,974.711,324.517,355.206,981.03,157.186,540.515,980.569,247.251,540.484,983.082,51.2438,464.503,727.833,61.65,409.032,723.588,64.3926,462.547,681.758,71.8347,408.986,674.563,121.591,451.019,484.62,227.061,461.808,492.676,100.287,536.567,372.203,112.65,496.044,360.135,106.657,549.213,322.362,116.531,512.668,312.531,153.55,598.016,117.353,237.625,588.041,127.686,117.413,489.151,39.1841,226.728,461.421,38.7996,171.136,428.595,55.1325,207.65,681.125,92.3596,396.639,354.577,735.347,388.043,308.577,757.143,391.835,343.155,693.137,390.186,297.739,715.31,362.463,222.53,548.1,261.16,217.294,537.396,395.727,269.09,421.538,389.78,217.517,432.325,396.091,258.742,365.603,391.207,209.875,378.682,377.901,191.495,141.928,296.755,167.121,161.234,418.772,63.9007,85.1039,307.858,42.6738,110.42,369.392,6.56659,138.693,319.166,248.202,90.4623,18.9542,406.064,1422.98,348.286,413.993,1450.25
593,0,97.2222,345.696,973.844,323.542,348.394,979.81,156.822,534.357,979.807,246.916,533.951,982.099,50.3346,459.984,727.429,60.8738,404.491,722.912,63.5429,458.287,681.357,71.2095,404.819,673.882,120.875,448.177,484.116,226.427,458.64,492.331,99.9531,534.597,372.286,112.202,494.102,359.926,106.336,547.552,322.514,116.164,511.069,312.442,153.605,597.584,117.818,237.655,587.454,128.114,117.381,489.126,39.1514,226.66,461.293,38.7274,170.972,428.561,55.0047,207.633,680.747,93.1234,395.83,349.221,733.322,387.07,303.052,754.728,390.873,338.183,691.003,389.143,292.575,712.805,360.602,217.372,545.995,259.345,213.5,534.919,394.801,259.907,418.999,388.092,208.808,431.255,395.128,247.811,363.368,389.483,199.481,377.872,376.111,173.812,141.514,294.667,151.108,161.499,415.151,43.7384,88.6376,303.992,24.9691,114.634,364.973,-11.1483,144.125,318.259,229.665,88.1152,18.5223,400.139,1422.13,347.85,407.483,1449.19
594,0,96.172,339.765,972.95,322.571,341.54,978.55,156.452,528.15,979.004,246.578,527.374,981.062,49.4081,455.413,727.009,60.0723,399.894,722.217,62.6749,453.977,680.941,70.5534,400.596,673.184,120.145,445.273,483.603,225.775,455.421,491.976,99.6016,532.587,372.37,111.73,492.118,359.717,105.986,545.854,322.674,115.771,509.435,312.358,153.628,597.135,118.303,237.654,586.854,128.57,117.344,489.1,39.1139,226.594,461.18,38.6671,170.804,428.533,54.875,207.593,680.355,93.9258,395.065,343.829,731.258,386.123,297.488,752.261,389.968,333.176,688.83,388.142,287.374,710.246,358.792,212.137,543.929,257.555,209.729,532.433,393.901,250.77,416.615,386.417,200.181,430.273,394.171,237.008,361.322,387.763,189.243,377.184,374.241,156.625,141.375,292.524,135.59,161.964,411.419,24.2425,92.3425,300.042,7.94444,118.933,360.462,-28.1922,149.594,317.28,211.635,86.1369,18.1207,394.206,1421.23,347.448,400.966,1448.1
595,0,95.125,333.778,972.027,321.602,334.644,977.253,156.081,521.895,978.16,246.239,520.751,979.976,48.4663,450.785,726.57,59.2461,395.236,721.5,61.7902,449.612,680.507,69.8653,396.31,672.466,119.402,442.298,483.077,225.109,452.143,491.609,99.2306,530.522,372.453,111.235,490.082,359.505,105.607,544.107,322.84,115.355,507.757,312.278,153.616,596.665,118.808,237.62,586.24,129.057,117.303,489.071,39.0712,226.529,461.083,38.6188,170.635,428.51,54.7442,207.526,679.946,94.7705,394.342,338.37,729.178,385.199,291.853,749.772,389.119,328.096,686.64,387.181,282.095,707.667,357.041,206.801,541.925,255.802,205.942,529.968,393.025,241.691,414.387,384.763,191.641,429.373,393.216,226.353,359.453,386.05,179.173,376.605,372.286,139.989,141.464,290.322,120.6,162.592,407.588,5.47221,96.1396,296.027,-8.37133,123.251,355.888,-44.5311,155.022,316.203,194.173,84.4925,17.7486,388.263,1420.31,347.08,394.441,1446.99
596,0,94.0807,327.733,971.078,320.634,327.704,975.921,155.71,515.59,977.278,245.899,514.082,978.845,47.5117,446.093,726.109,58.3963,390.513,720.761,60.891,445.183,680.052,69.1456,391.956,671.725,118.652,439.24,482.538,224.43,448.796,491.227,98.8391,528.387,372.535,110.721,487.983,359.288,105.201,542.299,323.012,114.918,506.023,312.199,153.566,596.171,119.335,237.55,585.607,129.577,117.257,489.038,39.023,226.468,461.001,38.5819,170.468,428.49,54.6129,207.43,679.519,95.662,393.656,332.809,727.104,384.293,286.114,747.291,388.32,322.903,684.457,386.258,276.7,705.1,355.353,201.339,540.004,254.095,202.098,527.551,392.173,232.683,412.307,383.137,183.192,428.542,392.261,215.868,357.748,384.351,169.283,376.112,370.238,123.959,141.727,288.062,106.169,163.339,403.673,-12.5172,99.9411,291.968,-23.9534,127.517,351.283,-60.1355,160.326,315.003,177.339,83.1412,17.4049,382.308,1419.35,346.747,387.907,1445.84
597,0,93.0385,321.629,970.102,319.666,320.719,974.557,155.341,509.234,976.362,245.562,507.365,977.678,46.5466,441.332,725.623,57.5247,385.72,719.997,59.9793,440.683,679.574,68.3962,387.527,670.96,117.896,436.086,481.981,223.743,445.369,490.828,98.4275,526.168,372.612,110.19,485.808,359.065,104.769,540.418,323.189,114.462,504.224,312.121,153.478,595.65,119.885,237.442,584.955,130.132,117.208,489.002,38.9689,226.409,460.933,38.5555,170.308,428.473,54.4813,207.302,679.072,96.605,393.002,327.111,725.06,383.398,280.239,744.849,387.565,317.554,682.307,385.367,271.147,702.58,353.729,195.731,538.178,252.444,198.154,525.207,391.341,223.759,410.365,381.544,174.841,427.76,391.3,205.576,356.185,382.668,159.588,375.681,368.095,108.585,142.107,285.745,92.3257,164.161,399.693,-29.6757,103.651,287.888,-38.781,131.661,346.683,-74.9814,165.42,313.656,161.188,82.0382,17.0885,376.341,1418.36,346.45,381.363,1444.66
598,0,91.998,315.468,969.1,318.695,313.685,973.165,154.978,502.826,975.415,245.226,500.597,976.48,45.5736,436.495,725.11,56.634,380.851,719.206,59.0577,436.104,679.068,67.6203,383.015,670.169,117.14,432.824,481.405,223.051,441.849,490.41,97.997,523.849,372.685,109.645,483.547,358.834,104.313,538.452,323.372,113.993,502.349,312.044,153.35,595.098,120.459,237.296,584.279,130.726,117.156,488.962,38.9092,226.354,460.877,38.5382,170.157,428.459,54.3495,207.14,678.602,97.6045,392.37,321.24,723.07,382.507,274.196,742.479,386.845,312.008,680.216,384.498,265.398,700.141,352.167,189.957,536.457,250.857,194.066,522.959,390.523,214.934,408.55,379.985,166.592,427.008,390.326,195.499,354.743,381.004,150.1,375.281,365.86,93.9132,142.54,283.376,79.0949,165.009,395.666,-45.9593,107.171,283.812,-52.8372,135.61,342.126,-89.0499,170.218,312.144,145.773,81.1364,16.7982,370.357,1417.36,346.189,374.805,1443.46
599,0,90.9585,309.247,968.072,317.722,306.602,971.748,154.621,496.363,974.443,244.892,493.777,975.259,44.5956,431.576,724.567,55.7277,375.901,718.389,58.1288,431.44,678.534,66.8218,378.414,669.35,116.387,429.439,480.806,222.359,438.225,489.971,97.5507,521.414,372.751,109.092,481.186,358.594,103.835,536.389,323.56,113.512,500.386,311.966,153.181,594.512,121.06,237.111,583.576,131.361,117.101,488.917,38.8441,226.302,460.831,38.5285,170.016,428.447,54.2176,206.943,678.105,98.6662,391.748,315.164,721.156,381.609,267.955,740.212,386.147,306.226,678.21,383.639,259.418,697.816,350.66,184.005,534.844,249.339,189.79,520.823,389.711,206.222,406.843,378.46,158.449,426.261,389.331,185.66,353.394,379.358,140.832,374.881,363.539,79.9831,142.964,280.964,66.4991,165.836,391.615,-61.3307,110.399,279.766,-66.1081,139.293,337.653,-102.328,174.631,310.455,131.143,80.3877,16.5326,364.354,1416.33,345.965,368.231,1442.23
600,0,89.9199,302.968,967.017,316.744,299.464,970.314,154.272,489.843,973.448,244.562,486.901,974.024,43.6156,426.567,723.99,54.81,370.867,717.544,57.1958,426.68,677.966,66.0055,373.716,668.502,115.641,425.92,480.182,221.67,434.481,489.509,97.092,518.852,372.809,108.533,478.716,358.344,103.339,534.216,323.754,113.024,498.326,311.887,152.971,593.889,121.69,236.885,582.839,132.039,117.044,488.868,38.7742,226.252,460.791,38.5247,169.887,428.439,54.0851,206.709,677.578,99.7957,391.124,308.853,719.342,380.695,261.487,738.078,385.455,300.173,676.313,382.774,253.175,695.633,349.199,177.866,533.334,247.891,185.284,518.811,388.891,197.634,405.229,376.964,150.414,425.494,388.305,176.079,352.114,377.726,131.795,374.448,361.146,66.8283,143.319,278.522,54.558,166.592,387.564,-75.7606,113.24,275.777,-78.5833,142.643,333.301,-114.808,178.577,308.588,117.344,79.7447,16.2905,358.328,1415.29,345.777,361.637,1440.97
601,0,88.8819,296.628,965.937,315.761,292.268,968.867,153.931,483.263,972.436,244.233,479.965,972.781,42.637,421.464,723.378,53.8859,365.743,716.671,56.262,421.819,677.364,65.1767,368.916,667.624,114.907,422.254,479.531,220.989,430.604,489.019,96.6249,516.148,372.858,107.972,476.126,358.082,102.828,531.922,323.954,112.531,496.158,311.807,152.72,593.223,122.353,236.62,582.065,132.763,116.986,488.816,38.7005,226.205,460.754,38.5251,169.771,428.436,53.9515,206.439,677.015,100.999,390.481,302.278,717.646,379.752,254.77,736.103,384.754,293.816,674.546,381.884,246.644,693.619,347.772,171.535,531.92,246.509,180.513,516.933,388.044,189.183,403.69,375.489,142.485,424.683,387.232,166.774,350.875,376.103,122.996,373.948,358.698,54.474,143.548,276.066,43.2886,167.23,383.542,-89.2282,115.608,271.871,-90.2562,145.593,329.105,-126.489,181.98,306.554,104.413,79.1612,16.0705,352.274,1414.24,345.624,355.019,1439.69
602,0,87.8447,290.227,964.833,314.773,285.01,967.416,153.598,476.62,971.409,243.906,472.965,971.539,41.664,416.26,722.729,52.9614,360.525,715.77,55.3314,416.849,676.724,64.3413,364.005,666.717,114.187,418.428,478.851,220.317,426.579,488.5,96.153,513.295,372.9,107.414,473.405,357.809,102.305,529.498,324.162,112.037,493.874,311.725,152.428,592.51,123.052,236.314,581.246,133.536,116.926,488.762,38.6242,226.16,460.716,38.5277,169.669,428.436,53.8157,206.133,676.413,102.282,389.803,295.418,716.085,378.766,247.787,734.31,384.026,287.133,672.928,380.95,239.808,691.793,346.363,165.013,530.59,245.185,175.445,515.191,387.152,180.877,402.209,374.025,134.659,423.808,386.101,157.759,349.653,374.48,114.438,373.353,356.216,42.9364,143.604,273.612,32.7044,167.702,379.578,-101.722,117.434,268.072,-101.124,148.082,325.093,-137.375,184.774,304.376,92.3807,78.5942,15.8718,346.186,1413.18,345.505,348.373,1438.38
603,0,86.8087,283.764,963.705,313.778,277.684,965.968,153.275,469.912,970.37,243.58,465.896,970.304,40.7011,410.952,722.042,52.0429,355.21,714.842,54.4083,411.763,676.045,63.5055,358.979,665.78,113.484,414.432,478.138,219.66,422.39,487.947,95.6798,510.283,372.935,106.863,470.546,357.523,101.776,526.936,324.38,111.545,491.465,311.643,152.097,591.748,123.793,235.968,580.377,134.359,116.865,488.706,38.5472,226.116,460.671,38.5304,169.58,428.441,53.6767,205.791,675.765,103.652,389.074,288.26,714.67,377.726,240.527,732.715,383.253,280.109,671.473,379.952,232.657,690.172,344.957,158.304,529.328,243.905,170.058,513.589,386.192,172.723,400.77,372.559,126.932,422.851,384.896,149.044,348.427,372.849,106.121,372.638,353.727,32.223,143.448,271.178,22.8153,167.962,375.703,-113.238,118.667,264.402,-111.191,150.05,321.282,-147.476,186.907,302.089,81.2697,78.0043,15.6933,340.06,1412.12,345.42,341.695,1437.06
604,0,85.7742,277.238,962.556,312.778,270.286,964.531,152.962,463.137,969.324,243.255,458.755,969.081,39.7537,405.536,721.314,51.1373,349.795,713.887,53.4976,406.559,675.325,62.6758,353.833,664.813,112.802,410.256,477.393,219.02,418.026,487.356,95.2081,507.107,372.965,106.321,467.542,357.225,101.242,524.23,324.608,111.059,488.925,311.562,151.729,590.932,124.578,235.583,579.449,135.233,116.8,488.652,38.4715,226.072,460.617,38.5317,169.506,428.449,53.5337,205.416,675.065,105.114,388.277,280.798,713.409,376.619,232.987,731.328,382.419,272.737,670.189,378.873,225.19,688.763,343.534,151.416,528.119,242.653,164.34,512.124,385.143,164.728,399.359,371.077,119.296,421.8,383.607,140.634,347.179,371.199,98.04,371.786,351.255,22.332,143.053,268.78,13.6264,167.968,371.948,-123.784,119.282,260.879,-120.466,151.446,317.681,-156.806,188.342,299.741,71.0917,77.3573,15.5345,333.892,1411.07,345.366,334.98,1435.71
605,0,84.7423,270.649,961.388,311.772,262.812,963.114,152.658,456.293,968.273,242.931,451.539,967.878,38.8276,400.009,720.547,50.2519,344.279,712.905,52.6047,401.232,674.565,61.8588,348.564,663.818,112.142,405.894,476.611,218.399,413.473,486.724,94.74,503.765,372.994,105.794,464.389,356.915,100.709,521.375,324.85,110.579,486.25,311.482,151.325,590.057,125.412,235.162,578.457,136.162,116.732,488.6,38.3999,226.03,460.551,38.5298,169.447,428.462,53.3858,205.008,674.307,106.673,387.399,273.035,712.302,375.436,225.175,730.151,381.509,265.024,669.076,377.699,217.417,687.567,342.078,144.359,526.947,241.41,158.288,510.795,383.988,156.894,397.966,369.564,111.747,420.65,382.225,132.529,345.899,369.522,90.1894,370.786,348.825,13.2532,142.402,266.431,5.13703,167.681,368.343,-133.375,119.278,257.515,-128.963,152.222,314.285,-165.385,189.058,297.381,61.8476,76.6257,15.3951,327.679,1410.02,345.341,328.229,1434.35
606,0,83.7138,263.999,960.204,310.761,255.262,961.725,152.366,449.38,967.219,242.608,444.245,966.699,37.9288,394.373,719.74,49.3938,338.662,711.898,51.7354,395.784,673.764,61.0611,343.172,662.795,111.507,401.341,475.794,217.799,408.722,486.047,94.2776,500.256,373.023,105.283,461.084,356.594,100.18,518.369,325.108,110.109,483.437,311.407,150.889,589.12,126.301,234.709,577.394,137.147,116.657,488.553,38.3348,225.989,460.469,38.5237,169.403,428.478,53.2326,204.572,673.485,108.335,386.429,264.987,711.344,374.168,217.108,729.178,380.508,256.99,668.131,376.422,209.358,686.577,340.573,137.15,525.798,240.157,151.914,509.594,382.714,149.221,396.586,368.007,104.279,419.399,380.747,124.723,344.58,367.809,82.5602,369.633,346.46,4.9678,141.49,264.143,-2.65969,167.072,364.92,-142.032,118.674,254.318,-136.705,152.344,311.084,-173.236,189.052,295.063,53.527,75.7895,15.2749,321.419,1408.99,345.345,321.438,1432.97
607,0,82.6901,257.29,959.008,309.745,247.637,960.371,152.085,442.403,966.167,242.286,436.877,965.549,37.0637,388.632,718.895,48.5694,332.949,710.868,50.896,390.216,672.923,60.2888,337.659,661.747,110.897,396.595,474.94,217.222,403.767,485.321,93.8228,496.583,373.058,104.792,457.628,356.264,99.6603,515.214,325.384,109.649,480.486,311.337,150.424,588.118,127.246,234.23,576.256,138.188,116.574,488.512,38.2784,225.951,460.371,38.5126,169.374,428.497,53.0739,204.111,672.594,110.103,385.36,256.678,710.525,372.814,208.81,728.393,379.407,248.664,667.339,375.037,201.043,685.778,339.005,129.809,524.66,238.875,145.242,508.515,381.316,141.709,395.215,366.394,96.8868,418.051,379.174,117.206,343.221,366.052,75.1431,368.329,344.177,-2.55062,140.323,261.924,-9.77795,166.12,361.702,-149.787,117.511,251.293,-143.718,151.79,308.06,-180.388,188.341,292.836,46.1072,74.8378,15.174,315.113,1407.98,345.373,314.613,1431.59
608,0,81.6725,250.531,957.805,308.727,239.942,959.059,151.817,435.367,965.118,241.968,429.439,964.43,36.238,382.792,718.015,47.785,327.145,709.818,50.0922,384.535,672.046,59.5477,332.03,660.675,110.313,391.658,474.049,216.668,398.607,484.544,93.3782,492.751,373.1,104.323,454.024,355.926,99.153,511.913,325.68,109.202,477.4,311.276,149.934,587.048,128.25,233.728,575.036,139.285,116.482,488.478,38.2321,225.916,460.256,38.4956,169.36,428.521,52.9099,203.629,671.628,111.98,384.189,248.145,709.828,371.374,200.317,727.777,378.197,240.091,666.684,373.546,192.511,685.147,337.368,122.362,523.526,237.548,138.308,507.546,379.797,134.351,393.853,364.716,89.5703,416.613,377.513,109.965,341.823,364.246,67.9289,366.884,341.99,-9.33604,138.916,259.778,-16.2394,164.818,358.713,-156.678,115.843,248.439,-150.037,150.555,305.195,-186.873,186.956,290.742,39.5537,73.7695,15.0928,308.769,1406.99,345.425,307.757,1430.2
609,0,80.6626,243.734,956.602,307.706,232.187,957.796,151.563,428.283,964.078,241.655,421.942,963.349,35.4573,376.866,717.103,47.0458,321.262,708.75,49.3296,378.752,671.136,58.8421,326.297,659.584,109.756,386.54,473.123,216.138,393.246,483.715,92.9461,488.769,373.152,103.875,450.279,355.583,98.6616,508.473,325.997,108.768,474.184,311.225,149.425,585.908,129.314,233.21,573.734,140.436,116.381,488.452,38.197,225.884,460.124,38.4725,169.36,428.547,52.7412,203.132,670.583,113.966,382.917,239.434,709.233,369.855,191.673,727.302,376.874,231.325,666.142,371.957,183.813,684.657,335.656,114.838,522.393,236.164,131.16,506.677,378.167,127.145,392.504,362.968,82.332,415.096,375.775,102.985,340.395,362.387,60.9104,365.309,339.909,-15.4293,137.291,257.707,-22.0735,163.172,355.966,-162.751,113.735,245.756,-155.7,148.652,302.47,-192.727,184.945,288.811,33.8208,72.5939,15.0317,302.395,1406.02,345.497,300.882,1428.81
610,0,79.6623,236.915,955.404,306.686,224.391,956.584,151.326,421.169,963.049,241.351,414.404,962.306,34.7264,370.87,716.164,46.3561,315.316,707.67,48.6131,372.885,670.199,58.1757,320.475,658.478,109.224,381.252,472.165,215.631,387.695,482.835,92.5288,484.65,373.216,103.449,446.405,355.236,98.1893,504.906,326.336,108.348,470.848,311.187,148.902,584.699,130.436,232.681,572.346,141.64,116.27,488.432,38.1739,225.858,459.976,38.443,169.374,428.576,52.5688,202.627,669.457,116.056,381.548,230.602,708.715,368.267,182.93,726.937,375.44,222.431,665.688,370.28,175.009,684.274,333.871,107.274,521.26,234.717,123.857,505.894,376.443,120.085,391.174,361.147,75.1797,413.514,373.973,96.2513,338.943,360.475,54.0837,363.62,337.937,-20.8776,135.479,255.713,-27.3171,161.206,353.472,-168.059,111.255,243.239,-160.753,146.119,299.872,-197.992,182.368,287.061,28.8523,71.3313,14.9911,296.008,1405.08,345.588,294.003,1427.43
611,0,78.674,230.098,954.22,305.667,216.578,955.43,151.105,414.049,962.036,241.059,406.85,961.305,34.0491,364.828,715.204,45.719,309.329,706.581,47.9467,366.956,669.239,57.5506,314.587,657.363,108.717,375.816,471.178,215.146,381.973,481.904,92.1286,480.414,373.293,103.041,442.417,354.89,97.7384,501.226,326.697,107.943,467.407,311.162,148.368,583.423,131.615,232.146,570.876,142.89,116.15,488.416,38.163,225.836,459.813,38.4074,169.401,428.607,52.3942,202.119,668.25,118.246,380.093,221.717,708.251,366.626,174.151,726.647,373.903,213.483,665.294,368.531,166.167,683.965,332.02,99.7121,520.129,233.206,116.468,505.183,374.645,113.174,389.869,359.257,68.1276,411.881,372.125,89.7535,337.481,358.513,47.449,361.84,336.076,-25.7337,133.514,253.796,-32.0141,158.956,351.229,-172.663,108.473,240.886,-165.243,143.015,297.395,-202.713,179.298,285.495,24.5835,70.0128,14.9713,289.63,1404.18,345.694,287.144,1426.06
612,0,77.7005,223.316,953.058,304.653,208.783,954.335,150.904,406.956,961.045,240.782,399.314,960.349,33.4283,358.772,714.23,45.1365,303.332,705.492,47.3335,360.996,668.265,56.9679,308.66,656.246,108.234,370.261,470.168,214.683,376.11,480.928,91.7472,476.084,373.384,102.651,438.338,354.546,97.3108,497.457,327.079,107.554,463.881,311.151,147.831,582.086,132.844,231.61,569.328,144.18,116.02,488.401,38.1641,225.821,459.638,38.3664,169.44,428.641,52.219,201.614,666.965,120.524,378.566,212.854,707.818,364.95,165.406,726.401,372.276,204.564,664.936,366.732,157.363,683.697,330.115,92.199,519.006,231.636,109.07,504.532,372.799,106.416,388.597,357.307,61.197,410.215,370.253,83.4842,336.021,356.509,41.0123,359.991,334.324,-30.055,131.438,251.958,-36.2141,156.477,349.23,-176.626,105.454,238.694,-169.224,139.419,295.039,-206.939,175.817,284.106,20.9429,68.6788,14.9719,283.293,1403.32,345.813,280.333,1424.71
613,0,76.7456,216.607,951.926,303.648,201.052,953.303,150.722,399.931,960.081,240.525,391.84,959.441,32.8658,352.74,713.252,44.6094,297.361,704.41,46.7752,355.043,667.285,56.428,302.735,655.137,107.776,364.627,469.142,214.24,370.145,479.913,91.3859,471.692,373.488,102.277,434.198,354.21,96.9077,493.625,327.478,107.18,460.295,311.156,147.295,580.695,134.114,231.079,567.71,145.5,115.882,488.382,38.1765,225.81,459.452,38.3208,169.488,428.676,52.0456,201.118,665.61,122.873,376.985,204.098,707.395,363.259,156.773,726.17,370.578,195.765,664.589,364.905,148.682,683.441,328.174,84.79,517.897,230.02,101.745,503.928,370.934,99.8295,387.367,355.311,54.4173,408.537,368.376,77.443,334.579,354.475,34.786,358.103,332.678,-33.9021,129.295,250.202,-39.9708,153.833,347.46,-180.018,102.264,236.663,-172.749,135.43,292.809,-210.724,172.016,282.878,17.8549,67.3757,14.9923,277.033,1402.5,345.942,273.611,1423.39
614,0,75.8136,210.022,950.836,302.657,193.442,952.336,150.562,393.028,959.151,240.29,384.485,958.584,32.3626,346.781,712.277,44.1374,291.463,703.344,46.2726,349.146,666.308,55.9304,296.857,654.044,107.342,358.962,468.108,213.816,364.131,478.868,91.0458,467.278,373.604,101.918,430.034,353.883,96.5298,489.766,327.893,106.821,456.683,311.176,146.764,579.261,135.415,230.556,566.037,146.836,115.736,488.354,38.199,225.804,459.258,38.2721,169.544,428.713,51.8764,200.637,664.195,125.273,375.375,195.542,706.964,361.578,148.339,725.927,368.833,187.181,664.236,363.076,140.215,683.173,326.221,77.5468,516.809,228.374,94.5831,503.361,369.077,93.4378,386.186,353.289,47.8269,406.87,366.517,71.6378,333.17,352.428,28.7899,356.206,331.135,-37.3365,127.133,248.533,-43.3397,151.097,345.899,-182.906,98.9674,234.789,-175.872,131.16,290.717,-214.119,167.99,281.791,15.2423,66.1512,15.0312,270.898,1401.72,346.079,267.023,1422.11
615,0,74.9104,203.619,949.798,301.687,186.021,951.437,150.425,386.307,958.263,240.081,377.316,957.781,31.9185,340.95,711.319,43.7189,285.693,702.304,45.8257,343.36,665.346,55.4744,291.083,652.979,106.932,353.328,467.079,213.41,358.132,477.804,90.7278,462.888,373.73,101.574,425.89,353.569,96.1776,485.921,328.318,106.479,453.084,311.21,146.245,577.801,136.731,230.048,564.328,148.175,115.584,488.313,38.2299,225.8,459.062,38.2217,169.605,428.751,51.7145,200.176,662.736,127.696,373.764,187.284,706.514,359.933,140.199,725.653,367.07,178.913,663.861,361.275,132.057,682.873,324.284,70.5387,515.753,226.723,87.6742,502.822,367.258,87.2775,385.065,351.267,41.4735,405.237,364.7,66.0856,331.813,350.392,23.0518,354.335,329.692,-40.4177,125.003,246.957,-46.3748,148.348,344.527,-185.362,95.6309,233.072,-178.641,126.73,288.77,-217.175,163.841,280.825,13.0296,65.0489,15.0863,264.943,1400.99,346.22,260.626,1420.87
616,0,74.0431,197.466,948.821,300.745,178.869,950.609,150.311,379.842,957.424,239.902,370.41,957.037,31.5324,335.314,710.389,43.3516,280.114,701.303,45.4333,337.752,664.41,55.0594,285.481,651.955,106.548,347.796,466.067,213.023,352.227,476.738,90.4324,458.58,373.866,101.246,421.821,353.271,95.8518,482.139,328.747,106.155,449.545,311.258,145.742,576.334,138.045,229.558,562.605,149.498,115.43,488.262,38.2668,225.797,458.865,38.1715,169.67,428.79,51.5629,199.739,661.253,130.107,372.18,179.426,706.04,358.349,132.449,725.338,365.323,171.063,663.457,359.531,124.308,682.532,322.394,63.8417,514.738,225.096,81.1104,502.306,365.505,81.395,384.01,349.277,35.4131,403.667,362.947,60.8136,330.525,348.396,17.6074,352.525,328.349,-43.1995,122.955,245.481,-49.1254,145.661,343.32,-187.449,92.3242,231.509,-181.1,122.263,286.979,-219.937,159.673,279.961,11.1459,64.1029,15.1547,259.231,1400.32,346.362,254.485,1419.7
617,0,73.2199,191.639,947.917,299.841,172.078,949.855,150.219,373.711,956.644,239.753,363.856,956.357,31.2025,329.945,709.499,43.0321,274.798,700.354,45.0935,332.397,663.513,54.6848,280.125,650.984,106.192,342.448,465.087,212.656,346.505,475.687,90.1601,454.416,374.007,100.936,417.886,352.994,95.5532,478.479,329.173,105.851,446.12,311.317,145.262,574.883,139.335,229.093,560.9,150.785,115.277,488.203,38.3068,225.796,458.673,38.1225,169.737,428.83,51.4247,199.332,659.773,132.468,370.657,172.074,705.542,356.856,125.19,724.977,363.627,163.736,663.025,357.876,117.069,682.147,320.588,57.5374,513.779,223.523,74.9816,501.811,363.845,75.8472,383.033,347.356,29.7092,402.187,361.282,55.8588,329.324,346.473,12.5002,350.813,327.108,-45.7264,121.035,244.114,-51.6311,143.109,342.259,-189.224,89.1198,230.097,-183.284,117.882,285.349,-222.44,155.593,279.186,9.52921,63.3338,15.2329,253.832,1399.7,346.503,248.673,1418.61
618,0,72.4508,186.219,947.096,298.987,165.746,949.178,150.151,368.003,955.931,239.635,357.747,955.745,30.9261,324.922,708.665,42.7563,269.823,699.47,44.8039,327.376,662.671,54.3503,275.099,650.081,105.866,337.376,464.156,212.311,341.067,474.671,89.9117,450.467,374.15,100.645,414.153,352.741,95.283,475.002,329.587,105.568,442.868,311.385,144.811,573.476,140.578,228.659,559.245,152.012,115.13,488.14,38.3466,225.795,458.488,38.0751,169.804,428.869,51.3025,198.959,658.324,134.735,369.225,165.329,705.029,355.479,118.523,724.576,362.021,157.031,662.569,356.34,110.437,681.724,318.901,51.7105,512.888,222.04,69.3732,501.338,362.306,70.6989,382.142,345.543,24.4307,400.825,359.728,51.2673,328.227,344.659,7.77958,349.235,325.976,-48.0292,119.286,242.868,-53.9177,140.754,341.327,-190.736,86.0918,228.834,-185.214,113.702,283.882,-224.706,151.701,278.494,8.12972,62.7481,15.3165,248.82,1399.15,346.639,243.268,1417.6
619,0,71.7464,181.291,946.368,298.197,159.973,948.583,150.103,362.807,955.295,239.546,352.183,955.207,30.6997,320.329,707.901,42.5199,265.27,698.666,44.5618,322.773,661.897,54.056,270.486,649.259,105.574,332.676,463.291,211.991,336.018,473.714,89.6882,446.808,374.292,100.378,410.693,352.516,95.0428,471.775,329.98,105.311,439.851,311.46,144.395,572.145,141.746,228.261,557.679,153.155,114.991,488.075,38.3834,225.797,458.313,38.0292,169.868,428.908,51.198,198.625,656.943,136.858,367.918,159.288,704.515,354.243,112.54,724.147,360.543,151.041,662.105,354.951,104.505,681.276,317.37,46.4452,512.082,220.679,64.3625,500.892,360.911,66.0204,381.347,343.879,19.6486,399.607,358.309,47.0922,327.25,342.993,3.49951,347.824,324.961,-50.1218,117.742,241.754,-55.9939,138.647,340.513,-192.02,83.3117,227.719,-186.905,109.833,282.581,-226.739,148.094,277.882,6.91345,62.3388,15.4011,244.271,1398.66,346.767,238.352,1416.69
620,0,71.1182,176.936,945.738,297.485,154.861,948.073,150.074,358.21,954.742,239.485,347.257,954.746,30.5193,316.245,707.22,42.3197,261.218,697.955,44.3642,318.673,661.206,53.8025,266.375,648.533,105.318,328.446,462.51,211.702,331.468,472.841,89.4912,443.516,374.429,100.137,407.58,352.321,94.8341,468.867,330.342,105.082,437.134,311.537,144.023,570.921,142.812,227.905,556.24,154.189,114.867,488.012,38.4144,225.799,458.153,37.9853,169.93,428.946,51.112,198.334,655.665,138.79,366.762,154.036,704.018,353.169,107.328,723.71,359.228,145.845,661.65,353.735,99.3517,680.824,316.026,41.8207,511.375,219.47,60.0149,500.481,359.682,61.8829,380.657,342.401,15.432,398.556,357.049,43.3908,326.407,341.513,-0.284558,346.608,324.075,-51.9997,116.424,240.785,-57.85,136.827,339.811,-193.1,80.844,226.751,-188.36,106.372,281.447,-228.531,144.86,277.352,5.86282,62.087,15.482,240.258,1398.24,346.884,234.006,1415.9
621,0,70.5773,173.228,945.214,296.865,150.498,947.65,150.059,354.292,954.28,239.447,343.057,954.366,30.3804,312.747,706.636,42.1536,257.743,697.35,44.2078,315.153,660.612,53.5904,262.843,647.914,105.101,324.779,461.832,211.447,327.519,472.073,89.3226,440.662,374.554,99.9274,404.88,352.158,94.6585,466.343,330.663,104.884,434.777,311.612,143.702,569.839,143.748,227.599,554.97,155.09,114.759,487.952,38.4383,225.803,458.011,37.9447,169.986,428.981,51.0444,198.089,654.529,140.48,365.781,149.637,703.561,352.273,102.952,723.289,358.106,141.504,661.226,352.712,95.0399,680.391,314.894,37.9048,510.781,218.439,56.3792,500.116,358.64,58.3522,380.081,341.145,11.8432,397.688,355.97,40.2194,325.709,340.253,-3.51924,345.606,323.329,-53.6411,115.346,239.974,-59.461,135.319,339.22,-193.99,78.7406,225.933,-189.574,103.401,280.484,-230.064,142.072,276.909,4.97392,61.9637,15.5552,236.847,1397.9,346.987,230.301,1415.24
622,0,70.1336,170.224,944.799,296.352,146.953,947.316,150.056,351.112,953.911,239.427,339.647,954.068,30.2781,309.894,706.16,42.0206,254.905,696.86,44.0892,312.277,660.126,53.4203,259.955,647.411,104.922,321.755,461.272,211.233,324.26,471.433,89.1845,438.308,374.664,99.7526,402.654,352.031,94.517,464.258,330.934,104.721,432.831,311.682,143.437,568.93,144.529,227.347,553.904,155.836,114.671,487.899,38.4547,225.808,457.892,37.9089,170.036,429.011,50.9943,197.893,653.568,141.887,364.992,146.132,703.166,351.561,99.4549,722.91,357.2,138.052,660.855,351.895,91.6054,680.003,313.99,34.7464,510.308,217.605,53.483,499.807,357.798,55.4811,379.622,340.132,8.93083,397.01,355.092,37.6276,325.16,339.235,-6.15883,344.827,322.734,-55.0135,114.506,239.329,-60.7947,134.132,338.741,-194.7,77.037,225.269,-190.544,100.981,279.698,-231.316,139.788,276.557,4.25098,61.9332,15.6169,234.086,1397.63,347.073,227.294,1414.7
623,0,69.7934,167.95,944.491,295.955,144.265,947.068,150.059,348.703,953.636,239.42,337.064,953.848,30.2073,307.72,705.797,41.9201,252.741,696.489,44.0046,310.082,659.754,53.292,257.751,647.03,104.784,319.426,460.84,211.065,321.751,470.937,89.0784,436.498,374.753,99.6158,400.941,351.937,94.41,462.651,331.147,104.593,431.333,311.741,143.234,568.218,145.137,227.153,553.07,156.412,114.603,487.855,38.4645,225.812,457.798,37.8795,170.076,429.036,50.9603,197.747,652.811,142.979,364.4,143.524,702.85,351.035,96.8452,722.598,356.519,135.488,660.557,351.287,89.0503,679.685,313.317,32.3658,509.959,216.976,51.3257,499.566,357.164,53.2996,379.282,339.373,6.72108,396.52,354.426,35.6472,324.759,338.471,-8.17407,344.265,322.291,-56.0846,113.893,238.852,-61.8237,133.26,338.376,-195.233,75.7489,224.763,-191.268,99.1447,279.095,-232.271,138.043,276.296,3.69964,61.9575,15.6649,231.999,1397.43,347.14,225.013,1414.3
624,0,69.558,166.396,944.284,295.678,142.425,946.902,150.064,347.055,953.452,239.42,335.296,953.703,30.1627,306.225,705.547,41.851,251.251,696.236,43.9497,308.569,659.498,53.2041,256.231,646.77,104.686,317.809,460.541,210.944,320.008,470.589,89.0045,435.24,374.819,99.5189,399.751,351.875,94.3363,461.534,331.298,104.504,430.291,311.786,143.093,567.716,145.563,227.018,552.481,156.814,114.556,487.822,38.4692,225.816,457.731,37.8579,170.106,429.055,50.9399,197.648,652.274,143.744,364.001,141.77,702.625,350.684,95.085,722.368,356.058,133.767,660.343,350.881,87.332,679.452,312.867,30.7438,509.728,216.547,49.8716,499.396,356.733,51.8021,379.054,338.861,5.20531,396.202,353.973,34.2802,324.495,337.954,-9.56489,343.9,321.995,-56.8369,113.489,238.535,-62.5378,132.681,338.123,-195.599,74.8686,224.414,-191.756,97.8891,278.674,-232.928,136.839,276.124,3.31969,62.0026,15.6982,230.575,1397.29,347.186,223.452,1414.03
625,0,69.4201,165.498,944.167,295.514,141.358,946.808,150.069,346.1,953.346,239.422,334.272,953.621,30.1386,305.354,705.402,41.8105,250.382,696.09,43.9193,307.687,659.349,53.1529,255.345,646.619,104.627,316.859,460.365,210.871,318.985,470.384,88.9608,434.502,374.859,99.4606,399.052,351.84,94.2932,460.877,331.389,104.45,429.678,311.815,143.01,567.416,145.815,226.938,552.131,157.05,114.529,487.801,38.4708,225.819,457.691,37.8445,170.125,429.066,50.9298,197.592,651.952,144.196,363.773,140.77,702.492,350.486,94.0789,722.228,355.794,132.789,660.214,350.65,86.3526,679.309,312.611,29.8074,509.599,216.301,49.0399,499.296,356.486,50.9318,378.926,338.569,4.32479,396.027,353.712,33.4819,324.348,337.659,-10.3772,343.699,321.829,-57.2817,113.263,238.356,-62.9556,132.356,337.975,-195.811,74.3584,224.209,-192.034,97.163,278.427,-233.31,136.136,276.029,3.09838,62.0424,15.7176,229.751,1397.22,347.214,222.546,1413.87
626,0,69.3615,165.119,944.119,295.444,140.908,946.769,150.071,345.698,953.302,239.424,333.84,953.587,30.129,304.986,705.34,41.7932,250.014,696.029,43.9069,307.313,659.285,53.1311,254.968,646.555,104.601,316.454,460.29,210.84,318.548,470.296,88.942,434.187,374.877,99.4352,398.753,351.826,94.2748,460.597,331.428,104.427,429.417,311.828,142.975,567.286,145.923,226.904,551.979,157.152,114.517,487.792,38.471,225.82,457.674,37.8385,170.133,429.07,50.9262,197.568,651.813,144.39,363.678,140.354,702.434,350.404,93.6592,722.166,355.684,132.382,660.158,350.555,85.9449,679.247,312.505,29.4132,509.547,216.198,48.6923,499.253,356.383,50.5637,378.873,338.447,3.95238,395.957,353.604,33.1428,324.289,337.536,-10.7222,343.618,321.76,-57.4719,113.17,238.283,-63.1329,132.222,337.912,-195.902,74.1428,224.123,-192.15,96.8575,278.321,-233.472,135.838,275.991,3.00471,62.0636,15.7257,229.404,1397.19,347.226,222.164,1413.8
627,0,69.3488,165.038,944.108,295.429,140.811,946.761,150.072,345.611,953.293,239.425,333.748,953.58,30.127,304.906,705.327,41.7894,249.935,696.016,43.9043,307.233,659.272,53.1264,254.888,646.542,104.596,316.366,460.274,210.833,318.453,470.276,88.938,434.119,374.881,99.4297,398.689,351.823,94.2708,460.536,331.437,104.422,429.36,311.831,142.967,567.258,145.947,226.897,551.946,157.174,114.514,487.79,38.471,225.821,457.67,37.8371,170.135,429.072,50.9256,197.563,651.782,144.432,363.658,140.266,702.422,350.387,93.57,722.153,355.661,132.296,660.146,350.535,85.8584,679.233,312.482,29.3288,509.536,216.176,48.6183,499.244,356.361,50.4847,378.862,338.422,3.87242,395.942,353.581,33.0697,324.276,337.51,-10.7965,343.602,321.746,-57.5131,113.151,238.268,-63.171,132.194,337.898,-195.921,74.0965,224.104,-192.175,96.7922,278.298,-233.507,135.774,275.983,2.9846,62.0687,15.7275,229.33,1397.18,347.229,222.082,1413.79

